book,chapter,verse,query,retry_applied,raw_hit_count_initial,raw_hit_count_final,has_result_initial,items_count_initial,organic_items_count_initial,has_result_final,items_count_final,organic_items_count_final,log10_raw_hit_count,z_log10_raw_hit_count,minmax_log10_raw_hit_count,fusion_score
2 Samuel,1,1,2 Samuel 1:1,False,65300000,65300000,True,8,8,True,8,8,7.814913,2.46333,0.746109,0.811888
2 Samuel,1,2,2 Samuel 1:2,False,396000000,396000000,True,9,9,True,9,9,8.597695,4.151891,1.0,1.0
2 Samuel,1,3,2 Samuel 1:3,False,61200000,61200000,True,9,9,True,9,9,7.786751,2.402581,0.736975,0.802357
2 Samuel,1,4,2 Samuel 1:4,False,47400000,47400000,True,8,8,True,8,8,7.675778,2.163198,0.700982,0.764802
2 Samuel,1,5,2 Samuel 1:5,False,36700000,36700000,True,8,8,True,8,8,7.564666,1.923515,0.664943,0.7272
2 Samuel,1,6,2 Samuel 1:6,False,25000000,25000000,True,9,9,True,9,9,7.39794,1.563865,0.610867,0.670778
2 Samuel,1,7,2 Samuel 1:7,False,21000000,21000000,True,8,8,True,8,8,7.322219,1.400526,0.586307,0.645153
2 Samuel,1,8,2 Samuel 1:8,False,50400000,50400000,True,9,9,True,9,9,7.702431,2.22069,0.709626,0.773822
2 Samuel,1,9,2 Samuel 1:9,False,42700000,42700000,True,10,10,True,10,10,7.630428,2.065371,0.686273,0.749455
2 Samuel,1,10,2 Samuel 1:10,False,25100000,25100000,True,9,9,True,9,9,7.399674,1.567605,0.611429,0.671364
2 Samuel,1,11,2 Samuel 1:11,False,16700000,16700000,True,9,9,True,9,9,7.222716,1.185886,0.554034,0.611479
2 Samuel,1,12,2 Samuel 1:12,False,43000000,43000000,True,8,8,True,8,8,7.633468,2.07193,0.687259,0.750484
2 Samuel,1,13,2 Samuel 1:13,False,14400000,14400000,True,9,9,True,9,9,7.158363,1.047066,0.533161,0.589701
2 Samuel,1,14,2 Samuel 1:14,False,14200000,14200000,True,9,9,True,9,9,7.152288,1.033963,0.531191,0.587645
2 Samuel,1,15,2 Samuel 1:15,False,15100000,15100000,True,10,10,True,10,10,7.178977,1.091534,0.539847,0.596677
2 Samuel,1,16,2 Samuel 1:16,False,32100000,32100000,True,9,9,True,9,9,7.506505,1.798054,0.646079,0.707518
2 Samuel,1,17,2 Samuel 1:17,False,11800000,11800000,True,9,9,True,9,9,7.071882,0.860517,0.505112,0.560435
2 Samuel,1,18,2 Samuel 1:18,False,12800000,12800000,True,10,10,True,10,10,7.10721,0.936723,0.51657,0.57239
2 Samuel,1,19,2 Samuel 1:19,False,10400000,10400000,True,10,10,True,10,10,7.017033,0.742201,0.487322,0.541873
2 Samuel,1,20,2 Samuel 1:20,False,13500000,13500000,True,10,10,True,10,10,7.130334,0.986604,0.52407,0.580216
2 Samuel,1,21,2 Samuel 1:21,False,19100000,19100000,True,10,10,True,10,10,7.281033,1.311683,0.572949,0.631215
2 Samuel,1,22,2 Samuel 1:22,False,9130000,9130000,True,10,10,True,10,10,6.960471,0.620188,0.468976,0.522732
2 Samuel,1,23,2 Samuel 1:23,False,8520000,8520000,True,10,10,True,10,10,6.93044,0.555407,0.459236,0.512569
2 Samuel,1,24,2 Samuel 1:24,False,8640000,8640000,True,8,8,True,8,8,6.936514,0.56851,0.461206,0.514624
2 Samuel,1,25,2 Samuel 1:25,False,9270000,9270000,True,9,9,True,9,9,6.96708,0.634445,0.47112,0.524968
2 Samuel,1,26,2 Samuel 1:26,False,8400000,8400000,True,9,9,True,9,9,6.924279,0.542119,0.457238,0.510484
2 Samuel,1,27,2 Samuel 1:27,False,7930000,7930000,True,9,9,True,9,9,6.899273,0.488177,0.449127,0.502021
2 Samuel,2,1,2 Samuel 2:1,False,40700000,40700000,True,9,9,True,9,9,7.609594,2.020431,0.679515,0.742405
2 Samuel,2,2,2 Samuel 2:2,False,29700000,29700000,True,8,8,True,8,8,7.472756,1.725254,0.635133,0.696097
2 Samuel,2,3,2 Samuel 2:3,False,135000000,135000000,True,9,9,True,9,9,8.130334,3.143732,0.848414,0.909048
2 Samuel,2,4,2 Samuel 2:4,False,31800000,31800000,True,9,9,True,9,9,7.502427,1.789257,0.644756,0.706138
2 Samuel,2,5,2 Samuel 2:5,False,24400000,24400000,True,9,9,True,9,9,7.38739,1.541107,0.607445,0.667207
2 Samuel,2,6,2 Samuel 2:6,False,35100000,35100000,True,9,9,True,9,9,7.545307,1.881755,0.658664,0.720649
2 Samuel,2,7,2 Samuel 2:7,False,12600000,12600000,True,10,10,True,10,10,7.100371,0.92197,0.514352,0.570076
2 Samuel,2,8,2 Samuel 2:8,False,12500000,12500000,True,9,9,True,9,9,7.09691,0.914505,0.513229,0.568905
2 Samuel,2,9,2 Samuel 2:9,False,11000000,11000000,True,9,9,True,9,9,7.041393,0.794747,0.495223,0.550117
2 Samuel,2,10,2 Samuel 2:10,False,23400000,23400000,True,8,7,True,8,7,7.369216,1.501904,0.60155,0.661057
2 Samuel,2,11,2 Samuel 2:11,False,9060000,9060000,True,9,9,True,9,9,6.957128,0.612978,0.467892,0.5216
2 Samuel,2,12,2 Samuel 2:12,False,9000000,9000000,True,9,9,True,9,9,6.954243,0.606753,0.466956,0.520624
2 Samuel,2,13,2 Samuel 2:13,False,11000000,11000000,True,9,9,True,9,9,7.041393,0.794747,0.495223,0.550117
2 Samuel,2,14,2 Samuel 2:14,False,7640000,7640000,True,10,10,True,10,10,6.883093,0.453275,0.443879,0.496546
2 Samuel,2,15,2 Samuel 2:15,False,11400000,11400000,True,9,9,True,9,9,7.056905,0.828209,0.500254,0.555366
2 Samuel,2,16,2 Samuel 2:16,False,6580000,6580000,True,10,10,True,10,10,6.818226,0.313348,0.42284,0.474594
2 Samuel,2,17,2 Samuel 2:17,False,8410000,8410000,True,10,10,True,10,10,6.924796,0.543233,0.457405,0.510659
2 Samuel,2,18,2 Samuel 2:18,False,8510000,8510000,True,10,10,True,10,10,6.92993,0.554307,0.45907,0.512396
2 Samuel,2,19,2 Samuel 2:19,False,6400000,6400000,True,10,10,True,10,10,6.80618,0.287363,0.418933,0.470517
2 Samuel,2,20,2 Samuel 2:20,False,7490000,7490000,True,10,10,True,10,10,6.874482,0.434699,0.441086,0.493632
2 Samuel,2,21,2 Samuel 2:21,False,10000000,10000000,True,10,10,True,10,10,7.0,0.705458,0.481797,0.536109
2 Samuel,2,22,2 Samuel 2:22,False,5890000,5890000,True,10,10,True,10,10,6.770115,0.209567,0.407235,0.458312
2 Samuel,2,23,2 Samuel 2:23,False,5740000,5740000,True,10,10,True,10,10,6.758912,0.1854,0.403602,0.454521
2 Samuel,2,24,2 Samuel 2:24,False,5890000,5890000,True,9,9,True,9,9,6.770115,0.209567,0.407235,0.458312
2 Samuel,2,25,2 Samuel 2:25,False,6350000,6350000,True,10,10,True,10,10,6.802774,0.280016,0.417828,0.469364
2 Samuel,2,26,2 Samuel 2:26,False,5450000,5450000,True,10,10,True,10,10,6.736397,0.136831,0.396299,0.446901
2 Samuel,2,27,2 Samuel 2:27,False,7840000,7840000,True,10,10,True,10,10,6.894316,0.477484,0.447519,0.500344
2 Samuel,2,28,2 Samuel 2:28,False,5300000,5300000,True,10,10,True,10,10,6.724276,0.110686,0.392368,0.4428
2 Samuel,2,29,2 Samuel 2:29,False,3480000,3480000,True,10,10,True,10,10,6.541579,-0.283414,0.333111,0.380972
2 Samuel,2,30,2 Samuel 2:30,False,7020000,7020000,True,10,10,True,10,10,6.846337,0.373987,0.431958,0.484107
2 Samuel,2,31,2 Samuel 2:31,False,2430000,2430000,True,10,10,True,10,10,6.385606,-0.619868,0.282522,0.328189
2 Samuel,2,32,2 Samuel 2:32,False,2320000,2320000,True,10,10,True,10,10,6.365488,-0.663265,0.275997,0.321381
2 Samuel,3,1,2 Samuel 3:1,False,27600000,27600000,True,9,9,True,9,9,7.440909,1.656555,0.624803,0.685319
2 Samuel,3,2,2 Samuel 3:2,False,24700000,24700000,True,8,8,True,8,8,7.392697,1.552555,0.609166,0.669003
2 Samuel,3,3,2 Samuel 3:3,False,21600000,21600000,True,10,10,True,10,10,7.334454,1.426917,0.590275,0.649293
2 Samuel,3,4,2 Samuel 3:4,False,110000000,110000000,True,9,9,True,9,9,8.041393,2.951875,0.819567,0.888532
2 Samuel,3,5,2 Samuel 3:5,False,68900000,68900000,True,10,10,True,10,10,7.838219,2.513604,0.753669,0.819775
2 Samuel,3,6,2 Samuel 3:6,False,18500000,18500000,True,9,9,True,9,9,7.267172,1.281781,0.568453,0.626524
2 Samuel,3,7,2 Samuel 3:7,False,13600000,13600000,True,9,9,True,9,9,7.133539,0.993518,0.52511,0.5813
2 Samuel,3,8,2 Samuel 3:8,False,13400000,13400000,True,10,10,True,10,10,7.127105,0.979639,0.523023,0.579123
2 Samuel,3,9,2 Samuel 3:9,False,10300000,10300000,True,10,10,True,10,10,7.012837,0.733149,0.485961,0.540453
2 Samuel,3,10,2 Samuel 3:10,False,22000000,22000000,True,9,9,True,9,9,7.342423,1.444107,0.59286,0.65199
2 Samuel,3,11,2 Samuel 3:11,False,8170000,8170000,True,9,9,True,9,9,6.912222,0.51611,0.453327,0.506403
2 Samuel,3,12,2 Samuel 3:12,False,9100000,9100000,True,9,9,True,9,9,6.959041,0.617105,0.468512,0.522248
2 Samuel,3,13,2 Samuel 3:13,False,7300000,7300000,True,10,10,True,10,10,6.863323,0.410628,0.437467,0.489855
2 Samuel,3,14,2 Samuel 3:14,False,10100000,10100000,True,10,10,True,10,10,7.004321,0.71478,0.483199,0.537571
2 Samuel,3,15,2 Samuel 3:15,False,12100000,12100000,True,8,8,True,8,8,7.082785,0.884036,0.508648,0.564125
2 Samuel,3,16,2 Samuel 3:16,False,10600000,10600000,True,9,9,True,9,9,7.025306,0.760046,0.490005,0.544673
2 Samuel,3,17,2 Samuel 3:17,False,6850000,6850000,True,8,8,True,8,8,6.835691,0.351021,0.428504,0.480504
2 Samuel,3,18,2 Samuel 3:18,False,6800000,6800000,True,10,10,True,10,10,6.832509,0.344158,0.427472,0.479427
2 Samuel,3,19,2 Samuel 3:19,False,7990000,7990000,True,10,10,True,10,10,6.902547,0.495239,0.450189,0.503129
2 Samuel,3,20,2 Samuel 3:20,False,6940000,6940000,True,10,10,True,10,10,6.84136,0.36325,0.430343,0.482422
2 Samuel,3,21,2 Samuel 3:21,False,5620000,5620000,True,9,9,True,9,9,6.749736,0.165607,0.400626,0.451416
2 Samuel,3,22,2 Samuel 3:22,False,5770000,5770000,True,9,9,True,9,9,6.761176,0.190284,0.404336,0.455287
2 Samuel,3,23,2 Samuel 3:23,False,6370000,6370000,True,9,9,True,9,9,6.80414,0.282962,0.418271,0.469827
2 Samuel,3,24,2 Samuel 3:24,False,6910000,6910000,True,10,10,True,10,10,6.839478,0.359191,0.429733,0.481786
2 Samuel,3,25,2 Samuel 3:25,False,5580000,5580000,True,9,9,True,9,9,6.746634,0.158915,0.399619,0.450366
2 Samuel,3,26,2 Samuel 3:26,False,7480000,7480000,True,10,10,True,10,10,6.873902,0.433447,0.440898,0.493435
2 Samuel,3,27,2 Samuel 3:27,False,6250000,6250000,True,10,10,True,10,10,6.79588,0.265145,0.415592,0.467032
2 Samuel,3,28,2 Samuel 3:28,False,4080000,4080000,True,9,9,True,9,9,6.61066,-0.134398,0.355517,0.40435
2 Samuel,3,29,2 Samuel 3:29,False,5750000,5750000,True,10,10,True,10,10,6.759668,0.187031,0.403847,0.454777
2 Samuel,3,30,2 Samuel 3:30,False,6870000,6870000,True,10,10,True,10,10,6.836957,0.353753,0.428915,0.480933
2 Samuel,3,31,2 Samuel 3:31,False,3930000,3930000,True,10,10,True,10,10,6.594393,-0.169489,0.350241,0.398845
2 Samuel,3,32,2 Samuel 3:32,False,1480000,1480000,True,9,9,True,9,9,6.170262,-1.084393,0.212677,0.255313
2 Samuel,3,33,2 Samuel 3:33,False,1970000,1970000,True,9,9,True,9,9,6.294466,-0.816468,0.252962,0.297346
2 Samuel,3,34,2 Samuel 3:34,False,1470000,1470000,True,10,10,True,10,10,6.167318,-1.090745,0.211722,0.254317
2 Samuel,3,35,2 Samuel 3:35,False,3970000,3970000,True,10,10,True,10,10,6.598791,-0.160002,0.351667,0.400334
2 Samuel,3,36,2 Samuel 3:36,False,1760000,1760000,True,10,10,True,10,10,6.245513,-0.922067,0.237084,0.280779
2 Samuel,3,37,2 Samuel 3:37,False,1030000,1030000,True,9,9,True,9,9,6.012838,-1.423978,0.161617,0.202038
2 Samuel,3,38,2 Samuel 3:38,False,3140000,3140000,True,10,10,True,10,10,6.49693,-0.379729,0.318629,0.365862
2 Samuel,3,39,2 Samuel 3:39,False,1230000,1230000,True,10,10,True,10,10,6.089905,-1.257733,0.186613,0.228119
2 Samuel,4,1,2 Samuel 4:1,False,23200000,23200000,True,9,9,True,9,9,7.365488,1.493862,0.600341,0.659795
2 Samuel,4,2,2 Samuel 4:2,False,18700000,18700000,True,9,9,True,9,9,7.271842,1.291855,0.569967,0.628104
2 Samuel,4,3,2 Samuel 4:3,False,42900000,42900000,True,9,9,True,9,9,7.632457,2.069749,0.686931,0.750142
2 Samuel,4,4,2 Samuel 4:4,False,18900000,18900000,True,10,10,True,10,10,7.276462,1.301821,0.571466,0.629668
2 Samuel,4,5,2 Samuel 4:5,False,82000000,82000000,True,8,8,True,8,8,7.913814,2.676671,0.778187,0.845357
2 Samuel,4,6,2 Samuel 4:6,False,24700000,24700000,True,9,9,True,9,9,7.392697,1.552555,0.609166,0.669003
2 Samuel,4,7,2 Samuel 4:7,False,16000000,16000000,True,9,9,True,9,9,7.20412,1.145771,0.548002,0.605186
2 Samuel,4,8,2 Samuel 4:8,False,15000000,15000000,True,9,9,True,9,9,7.176091,1.085309,0.538911,0.595701
2 Samuel,4,9,2 Samuel 4:9,False,19800000,19800000,True,10,10,True,10,10,7.296665,1.345403,0.578019,0.636505
2 Samuel,4,10,2 Samuel 4:10,False,11100000,11100000,True,9,9,True,9,9,7.045323,0.803225,0.496497,0.551447
2 Samuel,4,11,2 Samuel 4:11,False,13500000,13500000,True,9,9,True,9,9,7.130334,0.986604,0.52407,0.580216
2 Samuel,4,12,2 Samuel 4:12,False,14100000,14100000,True,10,10,True,10,10,7.149219,1.027343,0.530195,0.586607
2 Samuel,5,1,2 Samuel 5:1,False,20400000,20400000,True,10,10,True,10,10,7.30963,1.37337,0.582224,0.640892
2 Samuel,5,2,2 Samuel 5:2,False,15600000,15600000,True,10,10,True,10,10,7.193125,1.122052,0.544436,0.601465
2 Samuel,5,3,2 Samuel 5:3,False,29700000,29700000,True,10,10,True,10,10,7.472756,1.725254,0.635133,0.696097
2 Samuel,5,4,2 Samuel 5:4,False,15300000,15300000,True,10,10,True,10,10,7.184691,1.103861,0.541701,0.598611
2 Samuel,5,5,2 Samuel 5:5,False,18900000,18900000,True,9,9,True,9,9,7.276462,1.301821,0.571466,0.629668
2 Samuel,5,6,2 Samuel 5:6,False,65800000,65800000,True,10,10,True,10,10,7.818226,2.470476,0.747184,0.813009
2 Samuel,5,7,2 Samuel 5:7,False,20500000,20500000,True,9,9,True,9,9,7.311754,1.377951,0.582913,0.641611
2 Samuel,5,8,2 Samuel 5:8,False,17400000,17400000,True,10,10,True,10,10,7.240549,1.224353,0.559818,0.617514
2 Samuel,5,9,2 Samuel 5:9,False,12000000,12000000,True,9,9,True,9,9,7.079181,0.876262,0.507479,0.562905
2 Samuel,5,10,2 Samuel 5:10,False,38500000,38500000,True,10,10,True,10,10,7.585461,1.968371,0.671688,0.734237
2 Samuel,5,11,2 Samuel 5:11,False,16200000,16200000,True,10,10,True,10,10,7.209515,1.157408,0.549752,0.607012
2 Samuel,5,12,2 Samuel 5:12,False,8700000,8700000,True,10,10,True,10,10,6.939519,0.574993,0.462181,0.515641
2 Samuel,5,13,2 Samuel 5:13,False,6430000,6430000,True,10,10,True,10,10,6.808211,0.291744,0.419592,0.471205
2 Samuel,5,14,2 Samuel 5:14,False,6550000,6550000,True,10,10,True,10,10,6.816241,0.309067,0.422196,0.473922
2 Samuel,5,15,2 Samuel 5:15,False,7100000,7100000,True,10,10,True,10,10,6.851258,0.384603,0.433554,0.485772
2 Samuel,5,16,2 Samuel 5:16,False,6680000,6680000,True,9,9,True,9,9,6.824777,0.327478,0.424964,0.476811
2 Samuel,5,17,2 Samuel 5:17,False,6700000,6700000,True,9,9,True,9,9,6.826075,0.330279,0.425386,0.47725
2 Samuel,5,18,2 Samuel 5:18,False,7360000,7360000,True,10,10,True,10,10,6.866878,0.418296,0.43862,0.491058
2 Samuel,5,19,2 Samuel 5:19,False,5620000,5620000,True,10,10,True,10,10,6.749736,0.165607,0.400626,0.451416
2 Samuel,5,20,2 Samuel 5:20,False,6200000,6200000,True,9,9,True,9,9,6.792392,0.25762,0.414461,0.465851
2 Samuel,5,21,2 Samuel 5:21,False,6890000,6890000,True,10,10,True,10,10,6.838219,0.356476,0.429325,0.48136
2 Samuel,5,22,2 Samuel 5:22,False,6780000,6780000,True,9,9,True,9,9,6.83123,0.341399,0.427058,0.478994
2 Samuel,5,23,2 Samuel 5:23,False,4650000,4650000,True,10,10,True,10,10,6.667453,-0.011889,0.373938,0.42357
2 Samuel,5,24,2 Samuel 5:24,False,5090000,5090000,True,7,7,True,7,7,6.706718,0.072811,0.386673,0.436858
2 Samuel,5,25,2 Samuel 5:25,False,5600000,5600000,True,10,10,True,10,10,6.748188,0.162267,0.400123,0.450892
2 Samuel,6,1,2 Samuel 6:1,False,35700000,35700000,True,9,9,True,9,9,7.552668,1.897634,0.661052,0.72314
2 Samuel,6,2,2 Samuel 6:2,False,13300000,13300000,True,9,9,True,9,9,7.123852,0.972622,0.521968,0.578022
2 Samuel,6,3,2 Samuel 6:3,False,12500000,12500000,True,10,10,True,10,10,7.09691,0.914505,0.513229,0.568905
2 Samuel,6,4,2 Samuel 6:4,False,12200000,12200000,True,9,9,True,9,9,7.08636,0.891747,0.509807,0.565334
2 Samuel,6,5,2 Samuel 6:5,False,23400000,23400000,True,9,9,True,9,9,7.369216,1.501904,0.60155,0.661057
2 Samuel,6,6,2 Samuel 6:6,False,22900000,22900000,True,9,9,True,9,9,7.359836,1.481669,0.598508,0.657882
2 Samuel,6,7,2 Samuel 6:7,False,150000000,150000000,True,9,9,True,9,9,8.176091,3.242437,0.863255,0.917953
2 Samuel,6,8,2 Samuel 6:8,False,19800000,19800000,True,9,9,True,9,9,7.296665,1.345403,0.578019,0.636505
2 Samuel,6,9,2 Samuel 6:9,False,13100000,13100000,True,9,9,True,9,9,7.117271,0.958427,0.519833,0.575795
2 Samuel,6,10,2 Samuel 6:10,False,24600000,24600000,True,9,9,True,9,9,7.390935,1.548755,0.608595,0.668407
2 Samuel,6,11,2 Samuel 6:11,False,7720000,7720000,True,10,10,True,10,10,6.887617,0.463034,0.445346,0.498077
2 Samuel,6,12,2 Samuel 6:12,False,9770000,9770000,True,10,10,True,10,10,6.989895,0.683659,0.478519,0.532689
2 Samuel,6,13,2 Samuel 6:13,False,7860000,7860000,True,10,10,True,10,10,6.895423,0.479871,0.447878,0.500718
2 Samuel,6,14,2 Samuel 6:14,False,6700000,6700000,True,8,8,True,8,8,6.826075,0.330279,0.425386,0.47725
2 Samuel,6,15,2 Samuel 6:15,False,5810000,5810000,True,10,10,True,10,10,6.764176,0.196756,0.405309,0.456302
2 Samuel,6,16,2 Samuel 6:16,False,5560000,5560000,True,10,10,True,10,10,6.745075,0.155552,0.399114,0.449838
2 Samuel,6,17,2 Samuel 6:17,False,5070000,5070000,True,10,10,True,10,10,6.705008,0.069122,0.386118,0.436279
2 Samuel,6,18,2 Samuel 6:18,False,4760000,4760000,True,9,9,True,9,9,6.677607,0.010015,0.377231,0.427006
2 Samuel,6,19,2 Samuel 6:19,False,4850000,4850000,True,10,10,True,10,10,6.685742,0.027563,0.379869,0.429759
2 Samuel,6,20,2 Samuel 6:20,False,5110000,5110000,True,10,10,True,10,10,6.708421,0.076484,0.387225,0.437434
2 Samuel,6,21,2 Samuel 6:21,False,5570000,5570000,True,10,10,True,10,10,6.745855,0.157235,0.399367,0.450102
2 Samuel,6,22,2 Samuel 6:22,False,3570000,3570000,True,9,9,True,9,9,6.552668,-0.259494,0.336708,0.384725
2 Samuel,6,23,2 Samuel 6:23,False,5650000,5650000,True,10,10,True,10,10,6.752049,0.170595,0.401376,0.452198
2 Samuel,7,1,2 Samuel 7:1,False,16200000,16200000,True,9,9,True,9,9,7.209515,1.157408,0.549752,0.607012
2 Samuel,7,2,2 Samuel 7:2,False,10400000,10400000,True,9,9,True,9,9,7.017033,0.742201,0.487322,0.541873
2 Samuel,7,3,2 Samuel 7:3,False,17100000,17100000,True,9,9,True,9,9,7.232996,1.20806,0.557368,0.614958
2 Samuel,7,4,2 Samuel 7:4,False,14800000,14800000,True,9,9,True,9,9,7.170262,1.072734,0.537021,0.593728
2 Samuel,7,5,2 Samuel 7:5,False,17400000,17400000,True,9,9,True,9,9,7.240549,1.224353,0.559818,0.617514
2 Samuel,7,6,2 Samuel 7:6,False,8720000,8720000,True,9,9,True,9,9,6.940517,0.577144,0.462504,0.515979
2 Samuel,7,7,2 Samuel 7:7,False,10300000,10300000,True,8,8,True,8,8,7.012837,0.733149,0.485961,0.540453
2 Samuel,7,8,2 Samuel 7:8,False,44100000,44100000,True,9,9,True,9,9,7.644439,2.095594,0.690817,0.754196
2 Samuel,7,9,2 Samuel 7:9,False,15000000,15000000,True,9,9,True,9,9,7.176091,1.085309,0.538911,0.595701
2 Samuel,7,10,2 Samuel 7:10,False,13800000,13800000,True,9,9,True,9,9,7.139879,1.007195,0.527166,0.583446
2 Samuel,7,11,2 Samuel 7:11,False,17000000,17000000,True,10,10,True,10,10,7.230449,1.202566,0.556542,0.614096
2 Samuel,7,12,2 Samuel 7:12,False,8990000,8990000,True,10,10,True,10,10,6.95376,0.605712,0.466799,0.52046
2 Samuel,7,13,2 Samuel 7:13,False,9470000,9470000,True,10,10,True,10,10,6.97635,0.654442,0.474126,0.528105
2 Samuel,7,14,2 Samuel 7:14,False,6890000,6890000,True,10,10,True,10,10,6.838219,0.356476,0.429325,0.48136
2 Samuel,7,15,2 Samuel 7:15,False,8850000,8850000,False,0,0,False,0,0,0.0,0.0,0.0,0.0
2 Samuel,7,16,2 Samuel 7:16,False,5100000,5100000,True,9,9,True,9,9,6.70757,0.074649,0.386949,0.437146
2 Samuel,7,17,2 Samuel 7:17,False,4550000,4550000,True,9,9,True,9,9,6.658011,-0.032255,0.370875,0.420375
2 Samuel,7,18,2 Samuel 7:18,False,6520000,6520000,True,9,9,True,9,9,6.814248,0.304766,0.421549,0.473247
2 Samuel,7,19,2 Samuel 7:19,False,4370000,4370000,True,10,10,True,10,10,6.640482,-0.07007,0.365189,0.414442
2 Samuel,7,20,2 Samuel 7:20,False,4890000,4890000,True,10,10,True,10,10,6.689309,0.035257,0.381026,0.430966
2 Samuel,7,21,2 Samuel 7:21,False,4530000,4530000,True,9,9,True,9,9,6.656098,-0.036382,0.370255,0.419727
2 Samuel,7,22,2 Samuel 7:22,False,3960000,3960000,True,9,9,True,9,9,6.597695,-0.162365,0.351312,0.399963
2 Samuel,7,23,2 Samuel 7:23,False,5500000,5500000,True,10,10,True,10,10,6.740363,0.145387,0.397585,0.448244
2 Samuel,7,24,2 Samuel 7:24,False,4150000,4150000,True,9,9,True,9,9,6.618048,-0.118461,0.357913,0.406851
2 Samuel,7,25,2 Samuel 7:25,False,6750000,6750000,True,10,10,True,10,10,6.829304,0.337244,0.426433,0.478343
2 Samuel,7,26,2 Samuel 7:26,False,5420000,5420000,True,10,10,True,10,10,6.733999,0.13166,0.395521,0.44609
2 Samuel,7,27,2 Samuel 7:27,False,2370000,2370000,True,10,10,True,10,10,6.374749,-0.64329,0.279001,0.324514
2 Samuel,7,28,2 Samuel 7:28,False,4980000,4980000,True,10,10,True,10,10,6.697229,0.052343,0.383595,0.433647
2 Samuel,7,29,2 Samuel 7:29,False,2140000,2140000,True,8,8,True,8,8,6.330414,-0.738925,0.264621,0.309511
2 Samuel,8,1,2 Samuel 8:1,False,29300000,29300000,True,10,10,True,10,10,7.466868,1.712551,0.633223,0.694104
2 Samuel,8,2,2 Samuel 8:2,False,18300000,18300000,True,10,10,True,10,10,7.262451,1.271598,0.566922,0.624926
2 Samuel,8,3,2 Samuel 8:3,False,8450000,8450000,True,10,10,True,10,10,6.926857,0.547678,0.458074,0.511356
2 Samuel,8,4,2 Samuel 8:4,False,7830000,7830000,True,9,9,True,9,9,6.893762,0.476288,0.447339,0.500156
2 Samuel,8,5,2 Samuel 8:5,False,13200000,13200000,True,9,9,True,9,9,7.120574,0.965551,0.520905,0.576913
2 Samuel,8,6,2 Samuel 8:6,False,7160000,7160000,True,10,10,True,10,10,6.854913,0.392487,0.434739,0.487009
2 Samuel,8,7,2 Samuel 8:7,False,7000000,7000000,True,9,9,True,9,9,6.845098,0.371315,0.431556,0.483688
2 Samuel,8,8,2 Samuel 8:8,False,7860000,7860000,True,8,8,True,8,8,6.895423,0.479871,0.447878,0.500718
2 Samuel,8,9,2 Samuel 8:9,False,35800000,35800000,True,8,8,True,8,8,7.553883,1.900254,0.661446,0.723551
2 Samuel,8,10,2 Samuel 8:10,False,17900000,17900000,True,10,10,True,10,10,7.252853,1.250894,0.563808,0.621678
2 Samuel,8,11,2 Samuel 8:11,False,8690000,8690000,True,9,9,True,9,9,6.93902,0.573916,0.462019,0.515472
2 Samuel,8,12,2 Samuel 8:12,False,10000000,10000000,True,8,8,True,8,8,7.0,0.705458,0.481797,0.536109
2 Samuel,8,13,2 Samuel 8:13,False,5830000,5830000,True,9,9,True,9,9,6.765669,0.199975,0.405793,0.456808
2 Samuel,8,14,2 Samuel 8:14,False,5810000,5810000,True,10,10,True,10,10,6.764176,0.196756,0.405309,0.456302
2 Samuel,8,15,2 Samuel 8:15,False,9140000,9140000,True,10,10,True,10,10,6.960946,0.621214,0.46913,0.522892
2 Samuel,8,16,2 Samuel 8:16,False,7410000,7410000,True,10,10,True,10,10,6.869818,0.424639,0.439573,0.492053
2 Samuel,8,17,2 Samuel 8:17,False,4600000,4600000,True,10,10,True,10,10,6.662758,-0.022017,0.372415,0.421981
2 Samuel,8,18,2 Samuel 8:18,False,4720000,4720000,True,9,9,True,9,9,6.673942,0.002109,0.376042,0.425766
2 Samuel,9,1,2 Samuel 9:1,False,19300000,19300000,True,9,9,True,9,9,7.285557,1.321441,0.574416,0.632746
2 Samuel,9,2,2 Samuel 9:2,False,14100000,14100000,True,9,9,True,9,9,7.149219,1.027343,0.530195,0.586607
2 Samuel,9,3,2 Samuel 9:3,False,13900000,13900000,True,10,10,True,10,10,7.143015,1.013959,0.528183,0.584507
2 Samuel,9,4,2 Samuel 9:4,False,12600000,12600000,True,9,9,True,9,9,7.100371,0.92197,0.514352,0.570076
2 Samuel,9,5,2 Samuel 9:5,False,12800000,12800000,True,9,9,True,9,9,7.10721,0.936723,0.51657,0.57239
2 Samuel,9,6,2 Samuel 9:6,False,11900000,11900000,True,10,10,True,10,10,7.075547,0.868422,0.5063,0.561675
2 Samuel,9,7,2 Samuel 9:7,False,11000000,11000000,True,10,10,True,10,10,7.041393,0.794747,0.495223,0.550117
2 Samuel,9,8,2 Samuel 9:8,False,10900000,10900000,True,10,10,True,10,10,7.037427,0.786192,0.493936,0.548774
2 Samuel,9,9,2 Samuel 9:9,False,12600000,12600000,True,9,9,True,9,9,7.100371,0.92197,0.514352,0.570076
2 Samuel,9,10,2 Samuel 9:10,False,36500000,36500000,True,8,8,True,8,8,7.562293,1.918395,0.664173,0.726397
2 Samuel,9,11,2 Samuel 9:11,False,35600000,35600000,True,9,9,True,9,9,7.55145,1.895006,0.660657,0.722728
2 Samuel,9,12,2 Samuel 9:12,False,21100000,21100000,True,9,9,True,9,9,7.324282,1.404977,0.586976,0.645851
2 Samuel,9,13,2 Samuel 9:13,False,6970000,6970000,True,8,8,True,8,8,6.843233,0.367291,0.430951,0.483056
2 Samuel,10,1,2 Samuel 10:1,False,14200000,14200000,True,9,9,True,9,9,7.152288,1.033963,0.531191,0.587645
2 Samuel,10,2,2 Samuel 10:2,False,8720000,8720000,True,9,9,True,9,9,6.940517,0.577144,0.462504,0.515979
2 Samuel,10,3,2 Samuel 10:3,False,7850000,7850000,True,10,10,True,10,10,6.89487,0.478678,0.447699,0.500531
2 Samuel,10,4,2 Samuel 10:4,False,7910000,7910000,True,10,10,True,10,10,6.898177,0.485812,0.448771,0.50165
2 Samuel,10,5,2 Samuel 10:5,False,7590000,7590000,True,9,9,True,9,9,6.880242,0.447124,0.442954,0.495581
2 Samuel,10,6,2 Samuel 10:6,False,6420000,6420000,True,10,10,True,10,10,6.807535,0.290286,0.419372,0.470976
2 Samuel,10,7,2 Samuel 10:7,False,5910000,5910000,True,9,9,True,9,9,6.771588,0.212743,0.407713,0.458811
2 Samuel,10,8,2 Samuel 10:8,False,5950000,5950000,True,10,10,True,10,10,6.774517,0.219062,0.408663,0.459802
2 Samuel,10,9,2 Samuel 10:9,False,6740000,6740000,True,10,10,True,10,10,6.82866,0.335855,0.426224,0.478125
2 Samuel,10,10,2 Samuel 10:10,False,19300000,19300000,True,9,9,True,9,9,7.285557,1.321441,0.574416,0.632746
2 Samuel,10,11,2 Samuel 10:11,False,32800000,32800000,True,8,8,True,8,8,7.515874,1.818264,0.649118,0.710688
2 Samuel,10,12,2 Samuel 10:12,False,17500000,17500000,True,8,8,True,8,8,7.243038,1.229722,0.560625,0.618357
2 Samuel,10,13,2 Samuel 10:13,False,19000000,19000000,True,9,9,True,9,9,7.278754,1.306765,0.572209,0.630443
2 Samuel,10,14,2 Samuel 10:14,False,9310000,9310000,True,10,10,True,10,10,6.96895,0.638478,0.471726,0.525601
2 Samuel,10,15,2 Samuel 10:15,False,16500000,16500000,True,9,9,True,9,9,7.217484,1.174598,0.552337,0.609709
2 Samuel,10,16,2 Samuel 10:16,False,7250000,7250000,True,9,9,True,9,9,6.860338,0.404189,0.436499,0.488845
2 Samuel,10,17,2 Samuel 10:17,False,7590000,7590000,True,9,9,True,9,9,6.880242,0.447124,0.442954,0.495581
2 Samuel,10,18,2 Samuel 10:18,False,7090000,7090000,True,10,10,True,10,10,6.850646,0.383283,0.433355,0.485565
2 Samuel,10,19,2 Samuel 10:19,False,6750000,6750000,True,10,10,True,10,10,6.829304,0.337244,0.426433,0.478343
2 Samuel,11,1,2 Samuel 11:1,False,12300000,12300000,True,10,10,True,10,10,7.089905,0.899395,0.510957,0.566534
2 Samuel,11,2,2 Samuel 11:2,False,7660000,7660000,True,10,10,True,10,10,6.884229,0.455725,0.444247,0.49693
2 Samuel,11,3,2 Samuel 11:3,False,6450000,6450000,True,9,9,True,9,9,6.80956,0.294654,0.420029,0.471661
2 Samuel,11,4,2 Samuel 11:4,False,6190000,6190000,True,9,9,True,9,9,6.791691,0.256108,0.414233,0.465614
2 Samuel,11,5,2 Samuel 11:5,False,8840000,8840000,True,9,9,True,9,9,6.946452,0.589949,0.464429,0.517987
2 Samuel,11,6,2 Samuel 11:6,False,5620000,5620000,True,9,9,True,9,9,6.749736,0.165607,0.400626,0.451416
2 Samuel,11,7,2 Samuel 11:7,False,7150000,7150000,True,9,9,True,9,9,6.854306,0.391177,0.434542,0.486804
2 Samuel,11,8,2 Samuel 11:8,False,4660000,4660000,True,9,9,True,9,9,6.668386,-0.009876,0.37424,0.423886
2 Samuel,11,9,2 Samuel 11:9,False,4650000,4650000,True,10,10,True,10,10,6.667453,-0.011889,0.373938,0.42357
2 Samuel,11,10,2 Samuel 11:10,False,8490000,8490000,True,9,9,True,9,9,6.928908,0.552103,0.458739,0.51205
2 Samuel,11,11,2 Samuel 11:11,False,9240000,9240000,True,10,10,True,10,10,6.965672,0.631408,0.470663,0.524492
2 Samuel,11,12,2 Samuel 11:12,False,33200000,33200000,True,9,9,True,9,9,7.521138,1.829619,0.650825,0.71247
2 Samuel,11,13,2 Samuel 11:13,False,11700000,11700000,True,10,10,True,10,10,7.068186,0.852543,0.503913,0.559184
2 Samuel,11,14,2 Samuel 11:14,False,16900000,16900000,True,10,10,True,10,10,7.227887,1.197039,0.555711,0.613229
2 Samuel,11,15,2 Samuel 11:15,False,17500000,17500000,True,10,10,True,10,10,7.243038,1.229722,0.560625,0.618357
2 Samuel,11,16,2 Samuel 11:16,False,7290000,7290000,True,10,10,True,10,10,6.862728,0.409344,0.437274,0.489654
2 Samuel,11,17,2 Samuel 11:17,False,6600000,6600000,True,9,9,True,9,9,6.819544,0.316191,0.423267,0.47504
2 Samuel,11,18,2 Samuel 11:18,False,10400000,10400000,True,10,10,True,10,10,7.017033,0.742201,0.487322,0.541873
2 Samuel,11,19,2 Samuel 11:19,False,6280000,6280000,True,9,9,True,9,9,6.79796,0.269631,0.416267,0.467735
2 Samuel,11,20,2 Samuel 11:20,False,11900000,11900000,True,10,10,True,10,10,7.075547,0.868422,0.5063,0.561675
2 Samuel,11,21,2 Samuel 11:21,False,5870000,5870000,True,10,10,True,10,10,6.768638,0.206381,0.406756,0.457812
2 Samuel,11,22,2 Samuel 11:22,False,5800000,5800000,True,9,9,True,9,9,6.763428,0.195142,0.405066,0.456049
2 Samuel,11,23,2 Samuel 11:23,False,5590000,5590000,True,10,10,True,10,10,6.747412,0.160593,0.399872,0.450629
2 Samuel,11,24,2 Samuel 11:24,False,7930000,7930000,True,9,9,True,9,9,6.899273,0.488177,0.449127,0.502021
2 Samuel,11,25,2 Samuel 11:25,False,6700000,6700000,True,10,10,True,10,10,6.826075,0.330279,0.425386,0.47725
2 Samuel,11,26,2 Samuel 11:26,False,5460000,5460000,True,9,9,True,9,9,6.737193,0.138549,0.396557,0.447171
2 Samuel,11,27,2 Samuel 11:27,False,4990000,4990000,True,10,10,True,10,10,6.698101,0.054222,0.383878,0.433942
2 Samuel,12,1,2 Samuel 12:1,False,24700000,24700000,True,10,10,True,10,10,7.392697,1.552555,0.609166,0.669003
2 Samuel,12,2,2 Samuel 12:2,False,14800000,14800000,True,8,8,True,8,8,7.170262,1.072734,0.537021,0.593728
2 Samuel,12,3,2 Samuel 12:3,False,6940000,6940000,True,10,10,True,10,10,6.84136,0.36325,0.430343,0.482422
2 Samuel,12,4,2 Samuel 12:4,False,6220000,6220000,True,10,10,True,10,10,6.79379,0.260637,0.414914,0.466324
2 Samuel,12,5,2 Samuel 12:5,False,6160000,6160000,True,9,9,True,9,9,6.789581,0.251557,0.413549,0.4649
2 Samuel,12,6,2 Samuel 12:6,False,5550000,5550000,True,9,9,True,9,9,6.744293,0.153865,0.39886,0.449574
2 Samuel,12,7,2 Samuel 12:7,False,5480000,5480000,True,9,9,True,9,9,6.738781,0.141974,0.397072,0.447708
2 Samuel,12,8,2 Samuel 12:8,False,7200000,7200000,True,9,9,True,9,9,6.857333,0.397706,0.435524,0.487828
2 Samuel,12,9,2 Samuel 12:9,False,7310000,7310000,True,10,10,True,10,10,6.863917,0.41191,0.43766,0.490056
2 Samuel,12,10,2 Samuel 12:10,False,14100000,14100000,True,10,10,True,10,10,7.149219,1.027343,0.530195,0.586607
2 Samuel,12,11,2 Samuel 12:11,False,7980000,7980000,True,9,9,True,9,9,6.902003,0.494066,0.450012,0.502945
2 Samuel,12,12,2 Samuel 12:12,False,10500000,10500000,True,8,8,True,8,8,7.021189,0.751166,0.48867,0.54328
2 Samuel,12,13,2 Samuel 12:13,False,27400000,27400000,True,10,10,True,10,10,7.437751,1.649742,0.623779,0.68425
2 Samuel,12,14,2 Samuel 12:14,False,12100000,12100000,True,10,10,True,10,10,7.082785,0.884036,0.508648,0.564125
2 Samuel,12,15,2 Samuel 12:15,False,10800000,10800000,True,9,9,True,9,9,7.033424,0.777557,0.492638,0.54742
2 Samuel,12,16,2 Samuel 12:16,False,8100000,8100000,True,10,10,True,10,10,6.908485,0.508048,0.452115,0.505139
2 Samuel,12,17,2 Samuel 12:17,False,7020000,7020000,True,10,10,True,10,10,6.846337,0.373987,0.431958,0.484107
2 Samuel,12,18,2 Samuel 12:18,False,7400000,7400000,True,10,10,True,10,10,6.869232,0.423374,0.439383,0.491855
2 Samuel,12,19,2 Samuel 12:19,False,6160000,6160000,True,9,9,True,9,9,6.789581,0.251557,0.413549,0.4649
2 Samuel,12,20,2 Samuel 12:20,False,6630000,6630000,True,10,10,True,10,10,6.821514,0.32044,0.423906,0.475706
2 Samuel,12,21,2 Samuel 12:21,False,5730000,5730000,True,9,9,True,9,9,6.758155,0.183766,0.403356,0.454265
2 Samuel,12,22,2 Samuel 12:22,False,5910000,5910000,True,9,9,True,9,9,6.771588,0.212743,0.407713,0.458811
2 Samuel,12,23,2 Samuel 12:23,False,8010000,8010000,True,10,10,True,10,10,6.903633,0.497581,0.450541,0.503497
2 Samuel,12,24,2 Samuel 12:24,False,9050000,9050000,True,9,9,True,9,9,6.956649,0.611943,0.467736,0.521438
2 Samuel,12,25,2 Samuel 12:25,False,11900000,11900000,True,10,10,True,10,10,7.075547,0.868422,0.5063,0.561675
2 Samuel,12,26,2 Samuel 12:26,False,4570000,4570000,True,9,9,True,9,9,6.659916,-0.028146,0.371493,0.421019
2 Samuel,12,27,2 Samuel 12:27,False,4370000,4370000,True,9,9,True,9,9,6.640482,-0.07007,0.365189,0.414442
2 Samuel,12,28,2 Samuel 12:28,False,6330000,6330000,True,9,9,True,9,9,6.801404,0.27706,0.417384,0.468901
2 Samuel,12,29,2 Samuel 12:29,False,4420000,4420000,True,9,9,True,9,9,6.645422,-0.059412,0.366792,0.416114
2 Samuel,12,30,2 Samuel 12:30,False,8480000,8480000,True,10,10,True,10,10,6.928396,0.550999,0.458573,0.511877
2 Samuel,12,31,2 Samuel 12:31,False,7090000,7090000,True,10,10,True,10,10,6.850646,0.383283,0.433355,0.485565
2 Samuel,13,1,2 Samuel 13:1,False,8670000,8670000,True,9,9,True,9,9,6.938019,0.571757,0.461694,0.515134
2 Samuel,13,2,2 Samuel 13:2,False,5790000,5790000,True,9,9,True,9,9,6.762679,0.193525,0.404823,0.455796
2 Samuel,13,3,2 Samuel 13:3,False,8660000,8660000,True,10,10,True,10,10,6.937518,0.570676,0.461531,0.514964
2 Samuel,13,4,2 Samuel 13:4,False,5370000,5370000,True,9,9,True,9,9,6.729974,0.122978,0.394216,0.444728
2 Samuel,13,5,2 Samuel 13:5,False,5490000,5490000,False,0,0,False,0,0,0.0,0.0,0.0,0.0
2 Samuel,13,6,2 Samuel 13:6,False,3350000,3350000,True,10,10,True,10,10,6.525045,-0.319081,0.327748,0.375377
2 Samuel,13,7,2 Samuel 13:7,False,2950000,2950000,True,10,10,True,10,10,6.469822,-0.438204,0.309837,0.356689
2 Samuel,13,8,2 Samuel 13:8,False,3900000,3900000,True,9,9,True,9,9,6.591065,-0.176668,0.349161,0.397719
2 Samuel,13,9,2 Samuel 13:9,False,2500000,2500000,True,9,9,True,9,9,6.39794,-0.593262,0.286523,0.332363
2 Samuel,13,10,2 Samuel 13:10,False,5450000,5450000,True,9,9,True,9,9,6.736397,0.136831,0.396299,0.446901
2 Samuel,13,11,2 Samuel 13:11,False,5460000,5460000,True,10,10,True,10,10,6.737193,0.138549,0.396557,0.447171
2 Samuel,13,12,2 Samuel 13:12,False,5490000,5490000,True,9,9,True,9,9,6.739572,0.143682,0.397329,0.447976
2 Samuel,13,13,2 Samuel 13:13,False,4240000,4240000,True,9,9,True,9,9,6.627366,-0.098362,0.360935,0.410004
2 Samuel,13,14,2 Samuel 13:14,False,83900000,83900000,True,9,9,True,9,9,7.923762,2.698131,0.781414,0.848724
2 Samuel,13,15,2 Samuel 13:15,False,8970000,8970000,True,8,8,True,8,8,6.952792,0.603625,0.466486,0.520133
2 Samuel,13,16,2 Samuel 13:16,False,9790000,9790000,True,9,9,True,9,9,6.990783,0.685575,0.478808,0.53299
2 Samuel,13,17,2 Samuel 13:17,False,5580000,5580000,True,9,9,True,9,9,6.746634,0.158915,0.399619,0.450366
2 Samuel,13,18,2 Samuel 13:18,False,6540000,6540000,True,10,10,True,10,10,6.815578,0.307635,0.421981,0.473698
2 Samuel,13,19,2 Samuel 13:19,False,3970000,3970000,True,10,10,True,10,10,6.598791,-0.160002,0.351667,0.400334
2 Samuel,13,20,2 Samuel 13:20,False,5690000,5690000,True,10,10,True,10,10,6.755112,0.177204,0.402369,0.453235
2 Samuel,13,21,2 Samuel 13:21,False,3230000,3230000,True,10,10,True,10,10,6.509203,-0.353255,0.32261,0.370016
2 Samuel,13,22,2 Samuel 13:22,False,2940000,2940000,True,10,10,True,10,10,6.468347,-0.441385,0.309359,0.35619
2 Samuel,13,23,2 Samuel 13:23,False,2390000,2390000,True,9,9,True,9,9,6.378398,-0.635417,0.280184,0.325749
2 Samuel,13,24,2 Samuel 13:24,False,2430000,2430000,True,8,8,True,8,8,6.385606,-0.619868,0.282522,0.328189
2 Samuel,13,25,2 Samuel 13:25,False,2450000,2450000,True,9,9,True,9,9,6.389166,-0.612189,0.283677,0.329394
2 Samuel,13,26,2 Samuel 13:26,False,1590000,1590000,True,9,9,True,9,9,6.201397,-1.01723,0.222775,0.26585
2 Samuel,13,27,2 Samuel 13:27,False,1030000,1030000,True,10,10,True,10,10,6.012838,-1.423978,0.161617,0.202038
2 Samuel,13,28,2 Samuel 13:28,False,953000,953000,True,10,10,True,10,10,5.979093,-1.496769,0.150672,0.190619
2 Samuel,13,29,2 Samuel 13:29,False,1900000,1900000,True,10,10,True,10,10,6.278754,-0.850363,0.247865,0.292028
2 Samuel,13,30,2 Samuel 13:30,False,4060000,4060000,True,9,9,True,9,9,6.608526,-0.139001,0.354825,0.403628
2 Samuel,13,31,2 Samuel 13:31,False,1990000,1990000,True,10,10,True,10,10,6.298853,-0.807005,0.254384,0.29883
2 Samuel,13,32,2 Samuel 13:32,False,812000,812000,True,9,9,True,9,9,5.909557,-1.646768,0.128118,0.167086
2 Samuel,13,33,2 Samuel 13:33,False,973000,973000,True,9,9,True,9,9,5.988113,-1.477311,0.153598,0.193671
2 Samuel,13,34,2 Samuel 13:34,False,1230000,1230000,True,9,9,True,9,9,6.089905,-1.257733,0.186613,0.228119
2 Samuel,13,35,2 Samuel 13:35,False,1200000,1200000,True,9,9,True,9,9,6.079182,-1.280865,0.183135,0.22449
2 Samuel,13,36,2 Samuel 13:36,False,678000,678000,True,9,9,True,9,9,5.83123,-1.815728,0.102714,0.14058
2 Samuel,13,37,2 Samuel 13:37,False,564000,564000,True,10,10,True,10,10,5.75128,-1.988191,0.076782,0.113523
2 Samuel,13,38,2 Samuel 13:38,False,645000,645000,True,10,10,True,10,10,5.80956,-1.862473,0.095685,0.133246
2 Samuel,13,39,2 Samuel 13:39,False,606000,606000,True,9,9,True,9,9,5.782473,-1.920903,0.0869,0.12408
2 Samuel,14,1,2 Samuel 14:1,False,7970000,7970000,True,9,9,True,9,9,6.901458,0.492891,0.449836,0.502761
2 Samuel,14,2,2 Samuel 14:2,False,9340000,9340000,True,8,8,True,8,8,6.970347,0.641492,0.472179,0.526074
2 Samuel,14,3,2 Samuel 14:3,False,5000000,5000000,True,9,9,True,9,9,6.69897,0.056098,0.38416,0.434236
2 Samuel,14,4,2 Samuel 14:4,False,4250000,4250000,True,9,9,True,9,9,6.628389,-0.096155,0.361267,0.41035
2 Samuel,14,5,2 Samuel 14:5,False,3780000,3780000,True,9,9,True,9,9,6.577492,-0.205946,0.344759,0.393126
2 Samuel,14,6,2 Samuel 14:6,False,4760000,4760000,True,9,9,True,9,9,6.677607,0.010015,0.377231,0.427006
2 Samuel,14,7,2 Samuel 14:7,False,2860000,2860000,True,9,9,True,9,9,6.456366,-0.46723,0.305473,0.352135
2 Samuel,14,8,2 Samuel 14:8,False,2540000,2540000,True,9,9,True,9,9,6.404834,-0.578392,0.288759,0.334696
2 Samuel,14,9,2 Samuel 14:9,False,2610000,2610000,True,9,9,True,9,9,6.416641,-0.552923,0.292588,0.338691
2 Samuel,14,10,2 Samuel 14:10,False,5180000,5180000,True,9,9,True,9,9,6.71433,0.089231,0.389142,0.439434
2 Samuel,14,11,2 Samuel 14:11,False,4780000,4780000,True,9,9,True,9,9,6.679428,0.013943,0.377822,0.427622
2 Samuel,14,12,2 Samuel 14:12,False,5590000,5590000,True,9,9,True,9,9,6.747412,0.160593,0.399872,0.450629
2 Samuel,14,13,2 Samuel 14:13,False,3400000,3400000,True,9,9,True,9,9,6.531479,-0.305202,0.329835,0.377554
2 Samuel,14,14,2 Samuel 14:14,False,4770000,4770000,True,10,10,True,10,10,6.678518,0.011981,0.377527,0.427315
2 Samuel,14,15,2 Samuel 14:15,False,23200000,23200000,True,10,10,True,10,10,7.365488,1.493862,0.600341,0.659795
2 Samuel,14,16,2 Samuel 14:16,False,8340000,8340000,True,8,8,True,8,8,6.921166,0.535403,0.456228,0.50943
2 Samuel,14,17,2 Samuel 14:17,False,5840000,5840000,True,9,9,True,9,9,6.766413,0.201581,0.406035,0.457059
2 Samuel,14,18,2 Samuel 14:18,False,5540000,5540000,True,8,8,True,8,8,6.74351,0.152176,0.398606,0.449309
2 Samuel,14,19,2 Samuel 14:19,False,3790000,3790000,True,9,9,True,9,9,6.578639,-0.203471,0.345131,0.393514
2 Samuel,14,20,2 Samuel 14:20,False,4320000,4320000,True,9,9,True,9,9,6.635484,-0.08085,0.363568,0.412751
2 Samuel,14,21,2 Samuel 14:21,False,4080000,4080000,True,10,10,True,10,10,6.61066,-0.134398,0.355517,0.40435
2 Samuel,14,22,2 Samuel 14:22,False,3810000,3810000,True,10,10,True,10,10,6.580925,-0.19854,0.345873,0.394288
2 Samuel,14,23,2 Samuel 14:23,False,3040000,3040000,True,9,9,True,9,9,6.482874,-0.41005,0.31407,0.361106
2 Samuel,14,24,2 Samuel 14:24,False,2350000,2350000,True,9,9,True,9,9,6.371068,-0.651229,0.277807,0.323269
2 Samuel,14,25,2 Samuel 14:25,False,2560000,2560000,True,10,10,True,10,10,6.40824,-0.571044,0.289863,0.335848
2 Samuel,14,26,2 Samuel 14:26,False,3380000,3380000,True,10,10,True,10,10,6.528917,-0.310729,0.329004,0.376687
2 Samuel,14,27,2 Samuel 14:27,False,2630000,2630000,True,10,10,True,10,10,6.419956,-0.545772,0.293663,0.339813
2 Samuel,14,28,2 Samuel 14:28,False,1450000,1450000,True,8,8,True,8,8,6.161368,-1.103578,0.209792,0.252303
2 Samuel,14,29,2 Samuel 14:29,False,1120000,1120000,True,10,10,True,10,10,6.049218,-1.3455,0.173417,0.21435
2 Samuel,14,30,2 Samuel 14:30,False,4580000,4580000,True,8,8,True,8,8,6.660866,-0.026099,0.371801,0.421341
2 Samuel,14,31,2 Samuel 14:31,False,872000,872000,True,9,9,True,9,9,5.940517,-1.579983,0.13816,0.177564
2 Samuel,14,32,2 Samuel 14:32,False,1500000,1500000,True,9,9,True,9,9,6.176092,-1.071818,0.214567,0.257286
2 Samuel,14,33,2 Samuel 14:33,False,1010000,1010000,True,10,10,True,10,10,6.004322,-1.442348,0.158855,0.199156
2 Samuel,15,1,2 Samuel 15:1,False,8490000,8490000,True,9,9,True,9,9,6.928908,0.552103,0.458739,0.51205
2 Samuel,15,2,2 Samuel 15:2,False,5610000,5610000,True,9,9,True,9,9,6.748963,0.163939,0.400375,0.451154
2 Samuel,15,3,2 Samuel 15:3,False,5510000,5510000,True,10,10,True,10,10,6.741152,0.147089,0.397841,0.448511
2 Samuel,15,4,2 Samuel 15:4,False,7370000,7370000,True,9,9,True,9,9,6.867468,0.419568,0.438811,0.491258
2 Samuel,15,5,2 Samuel 15:5,False,4540000,4540000,True,9,9,True,9,9,6.657056,-0.034316,0.370565,0.420051
2 Samuel,15,6,2 Samuel 15:6,False,4750000,4750000,True,10,10,True,10,10,6.676694,0.008045,0.376935,0.426697
2 Samuel,15,7,2 Samuel 15:7,False,3120000,3120000,True,10,10,True,10,10,6.494155,-0.385715,0.317729,0.364923
2 Samuel,15,8,2 Samuel 15:8,False,2870000,2870000,True,10,10,True,10,10,6.457882,-0.46396,0.305964,0.352648
2 Samuel,15,9,2 Samuel 15:9,False,2590000,2590000,True,9,9,True,9,9,6.4133,-0.560129,0.291504,0.337561
2 Samuel,15,10,2 Samuel 15:10,False,6510000,6510000,True,10,10,True,10,10,6.813581,0.303328,0.421333,0.473022
2 Samuel,15,11,2 Samuel 15:11,False,5810000,5810000,True,9,9,True,9,9,6.764176,0.196756,0.405309,0.456302
2 Samuel,15,12,2 Samuel 15:12,False,5320000,5320000,True,10,10,True,10,10,6.725912,0.114214,0.392898,0.443353
2 Samuel,15,13,2 Samuel 15:13,False,3460000,3460000,True,10,10,True,10,10,6.539076,-0.288814,0.332299,0.380125
2 Samuel,15,14,2 Samuel 15:14,False,2780000,2780000,True,10,10,True,10,10,6.444045,-0.493808,0.301476,0.347965
2 Samuel,15,15,2 Samuel 15:15,False,4560000,4560000,True,9,9,True,9,9,6.658965,-0.030199,0.371184,0.420697
2 Samuel,15,16,2 Samuel 15:16,False,75300000,75300000,True,10,10,True,10,10,7.876795,2.596817,0.76618,0.832829
2 Samuel,15,17,2 Samuel 15:17,False,7780000,7780000,True,9,9,True,9,9,6.89098,0.470287,0.446437,0.499215
2 Samuel,15,18,2 Samuel 15:18,False,6320000,6320000,True,9,9,True,9,9,6.800717,0.275579,0.417161,0.468668
2 Samuel,15,19,2 Samuel 15:19,False,7500000,7500000,True,9,9,True,9,9,6.875061,0.435949,0.441274,0.493828
2 Samuel,15,20,2 Samuel 15:20,False,16100000,16100000,True,8,8,True,8,8,7.206826,1.151608,0.54888,0.606102
2 Samuel,15,21,2 Samuel 15:21,False,4120000,4120000,True,9,9,True,9,9,6.614897,-0.125258,0.356891,0.405784
2 Samuel,15,22,2 Samuel 15:22,False,4610000,4610000,True,10,10,True,10,10,6.663701,-0.019982,0.372721,0.4223
2 Samuel,15,23,2 Samuel 15:23,False,3830000,3830000,True,9,9,True,9,9,6.583199,-0.193636,0.34661,0.395057
2 Samuel,15,24,2 Samuel 15:24,False,2760000,2760000,True,10,10,True,10,10,6.440909,-0.500573,0.300459,0.346904
2 Samuel,15,25,2 Samuel 15:25,False,3980000,3980000,True,10,10,True,10,10,6.599883,-0.157645,0.352022,0.400703
2 Samuel,15,26,2 Samuel 15:26,False,3650000,3650000,True,9,9,True,9,9,6.562293,-0.238732,0.339829,0.387982
2 Samuel,15,27,2 Samuel 15:27,False,1130000,1130000,True,10,10,True,10,10,6.053079,-1.337172,0.174669,0.215657
2 Samuel,15,28,2 Samuel 15:28,False,1360000,1360000,True,9,9,True,9,9,6.133539,-1.163609,0.200766,0.242886
2 Samuel,15,29,2 Samuel 15:29,False,1330000,1330000,True,9,9,True,9,9,6.123852,-1.184506,0.197624,0.239607
2 Samuel,15,30,2 Samuel 15:30,False,8680000,8680000,True,10,10,True,10,10,6.93852,0.572837,0.461856,0.515303
2 Samuel,15,31,2 Samuel 15:31,False,1100000,1100000,False,0,0,False,0,0,0.0,0.0,0.0,0.0
2 Samuel,15,32,2 Samuel 15:32,False,979000,979000,True,10,10,True,10,10,5.990783,-1.471552,0.154464,0.194575
2 Samuel,15,33,2 Samuel 15:33,False,1990000,1990000,True,10,10,True,10,10,6.298853,-0.807005,0.254384,0.29883
2 Samuel,15,34,2 Samuel 15:34,False,890000,890000,True,9,9,True,9,9,5.94939,-1.560841,0.141038,0.180567
2 Samuel,15,35,2 Samuel 15:35,False,1050000,1050000,True,9,9,True,9,9,6.02119,-1.405961,0.164326,0.204865
2 Samuel,15,36,2 Samuel 15:36,False,654000,654000,True,9,9,True,9,9,5.815578,-1.849491,0.097637,0.135283
2 Samuel,15,37,2 Samuel 15:37,False,1320000,1320000,True,9,9,True,9,9,6.120574,-1.191576,0.196561,0.238498
2 Samuel,16,1,2 Samuel 16:1,False,16700000,16700000,True,9,9,True,9,9,7.222716,1.185886,0.554034,0.611479
2 Samuel,16,2,2 Samuel 16:2,False,5130000,5130000,True,9,9,True,9,9,6.710117,0.080144,0.387775,0.438008
2 Samuel,16,3,2 Samuel 16:3,False,4380000,4380000,True,10,10,True,10,10,6.641474,-0.067928,0.365511,0.414778
2 Samuel,16,4,2 Samuel 16:4,False,3830000,3830000,True,10,10,True,10,10,6.583199,-0.193636,0.34661,0.395057
2 Samuel,16,5,2 Samuel 16:5,False,3430000,3430000,True,10,10,True,10,10,6.535294,-0.296972,0.331073,0.378845
2 Samuel,16,6,2 Samuel 16:6,False,2680000,2680000,True,9,9,True,9,9,6.428135,-0.528128,0.296316,0.342581
2 Samuel,16,7,2 Samuel 16:7,False,4150000,4150000,True,10,10,True,10,10,6.618048,-0.118461,0.357913,0.406851
2 Samuel,16,8,2 Samuel 16:8,False,2630000,2630000,True,9,9,True,9,9,6.419956,-0.545772,0.293663,0.339813
2 Samuel,16,9,2 Samuel 16:9,False,4790000,4790000,True,9,9,True,9,9,6.680336,0.015901,0.378116,0.42793
2 Samuel,16,10,2 Samuel 16:10,False,5090000,5090000,True,10,10,True,10,10,6.706718,0.072811,0.386673,0.436858
2 Samuel,16,11,2 Samuel 16:11,False,5010000,5010000,True,10,10,True,10,10,6.699838,0.057969,0.384441,0.434529
2 Samuel,16,12,2 Samuel 16:12,False,4550000,4550000,True,10,10,True,10,10,6.658011,-0.032255,0.370875,0.420375
2 Samuel,16,13,2 Samuel 16:13,False,3770000,3770000,True,9,9,True,9,9,6.576341,-0.208428,0.344386,0.392736
2 Samuel,16,14,2 Samuel 16:14,False,2620000,2620000,True,9,9,True,9,9,6.418301,-0.54934,0.293127,0.339253
2 Samuel,16,15,2 Samuel 16:15,False,3760000,3760000,True,8,8,True,8,8,6.575188,-0.210916,0.344012,0.392346
2 Samuel,16,16,2 Samuel 16:16,False,4070000,4070000,True,9,9,True,9,9,6.609595,-0.136697,0.355171,0.40399
2 Samuel,16,17,2 Samuel 16:17,False,21500000,21500000,True,8,8,True,8,8,7.332438,1.42257,0.589622,0.648611
2 Samuel,16,18,2 Samuel 16:18,False,8650000,8650000,True,8,8,True,8,8,6.937016,0.569594,0.461369,0.514794
2 Samuel,16,19,2 Samuel 16:19,False,5620000,5620000,True,9,9,True,9,9,6.749736,0.165607,0.400626,0.451416
2 Samuel,16,20,2 Samuel 16:20,False,9200000,9200000,True,9,9,True,9,9,6.963788,0.627344,0.470052,0.523854
2 Samuel,16,21,2 Samuel 16:21,False,4050000,4050000,True,9,9,True,9,9,6.607455,-0.141312,0.354478,0.403266
2 Samuel,16,22,2 Samuel 16:22,False,3340000,3340000,True,10,10,True,10,10,6.523747,-0.321882,0.327327,0.374938
2 Samuel,16,23,2 Samuel 16:23,False,3980000,3980000,True,10,10,True,10,10,6.599883,-0.157645,0.352022,0.400703
2 Samuel,17,1,2 Samuel 17:1,False,14000000,14000000,True,9,9,True,9,9,7.146128,1.020675,0.529193,0.585561
2 Samuel,17,2,2 Samuel 17:2,False,4780000,4780000,True,9,9,True,9,9,6.679428,0.013943,0.377822,0.427622
2 Samuel,17,3,2 Samuel 17:3,False,4320000,4320000,True,10,10,True,10,10,6.635484,-0.08085,0.363568,0.412751
2 Samuel,17,4,2 Samuel 17:4,False,3410000,3410000,True,9,9,True,9,9,6.532755,-0.302451,0.330249,0.377986
2 Samuel,17,5,2 Samuel 17:5,False,4200000,4200000,True,9,9,True,9,9,6.623249,-0.107242,0.3596,0.408611
2 Samuel,17,6,2 Samuel 17:6,False,2470000,2470000,True,9,9,True,9,9,6.392697,-0.604572,0.284822,0.330588
2 Samuel,17,7,2 Samuel 17:7,False,2400000,2400000,True,9,9,True,9,9,6.380211,-0.631506,0.280772,0.326363
2 Samuel,17,8,2 Samuel 17:8,False,2500000,2500000,True,9,9,True,9,9,6.39794,-0.593262,0.286523,0.332363
2 Samuel,17,9,2 Samuel 17:9,False,2220000,2220000,True,9,9,True,9,9,6.346353,-0.704542,0.269791,0.314905
2 Samuel,17,10,2 Samuel 17:10,False,5150000,5150000,True,10,10,True,10,10,6.711807,0.083789,0.388324,0.43858
2 Samuel,17,11,2 Samuel 17:11,False,4810000,4810000,True,9,9,True,9,9,6.682145,0.019804,0.378703,0.428542
2 Samuel,17,12,2 Samuel 17:12,False,4400000,4400000,True,9,9,True,9,9,6.643453,-0.06366,0.366153,0.415448
2 Samuel,17,13,2 Samuel 17:13,False,1440000,1440000,True,9,9,True,9,9,6.158363,-1.110061,0.208817,0.251286
2 Samuel,17,14,2 Samuel 17:14,False,2270000,2270000,True,10,10,True,10,10,6.356026,-0.683676,0.272928,0.318178
2 Samuel,17,15,2 Samuel 17:15,False,2980000,2980000,True,9,9,True,9,9,6.474216,-0.428725,0.311262,0.358176
2 Samuel,17,16,2 Samuel 17:16,False,1920000,1920000,True,10,10,True,10,10,6.283301,-0.840553,0.24934,0.293567
2 Samuel,17,17,2 Samuel 17:17,False,3820000,3820000,True,9,9,True,9,9,6.582063,-0.196085,0.346242,0.394673
2 Samuel,17,18,2 Samuel 17:18,False,19400000,19400000,True,9,9,True,9,9,7.287802,1.326283,0.575144,0.633505
2 Samuel,17,19,2 Samuel 17:19,False,6570000,6570000,True,8,8,True,8,8,6.817565,0.311923,0.422626,0.47437
2 Samuel,17,20,2 Samuel 17:20,False,8490000,8490000,True,9,9,True,9,9,6.928908,0.552103,0.458739,0.51205
2 Samuel,17,21,2 Samuel 17:21,False,4550000,4550000,True,10,10,True,10,10,6.658011,-0.032255,0.370875,0.420375
2 Samuel,17,22,2 Samuel 17:22,False,3350000,3350000,True,9,9,True,9,9,6.525045,-0.319081,0.327748,0.375377
2 Samuel,17,23,2 Samuel 17:23,False,2710000,2710000,True,10,10,True,10,10,6.432969,-0.5177,0.297884,0.344217
2 Samuel,17,24,2 Samuel 17:24,False,3240000,3240000,True,9,9,True,9,9,6.510545,-0.350359,0.323045,0.37047
2 Samuel,17,25,2 Samuel 17:25,False,2590000,2590000,True,10,10,True,10,10,6.4133,-0.560129,0.291504,0.337561
2 Samuel,17,26,2 Samuel 17:26,False,2020000,2020000,True,9,9,True,9,9,6.305352,-0.792988,0.256492,0.301029
2 Samuel,17,27,2 Samuel 17:27,False,2380000,2380000,True,10,10,True,10,10,6.376577,-0.639345,0.279594,0.325133
2 Samuel,17,28,2 Samuel 17:28,False,2350000,2350000,True,10,10,True,10,10,6.371068,-0.651229,0.277807,0.323269
2 Samuel,17,29,2 Samuel 17:29,False,849000,849000,True,10,10,True,10,10,5.928908,-1.605024,0.134395,0.173635
2 Samuel,18,1,2 Samuel 18:1,False,14000000,14000000,True,8,8,True,8,8,7.146128,1.020675,0.529193,0.585561
2 Samuel,18,2,2 Samuel 18:2,False,8330000,8330000,True,8,8,True,8,8,6.920645,0.534279,0.456059,0.509254
2 Samuel,18,3,2 Samuel 18:3,False,3830000,3830000,True,10,10,True,10,10,6.583199,-0.193636,0.34661,0.395057
2 Samuel,18,4,2 Samuel 18:4,False,3530000,3530000,True,9,9,True,9,9,6.547775,-0.27005,0.335121,0.383069
2 Samuel,18,5,2 Samuel 18:5,False,2600000,2600000,True,10,10,True,10,10,6.414974,-0.556519,0.292047,0.338127
2 Samuel,18,6,2 Samuel 18:6,False,2440000,2440000,True,9,9,True,9,9,6.38739,-0.61602,0.283101,0.328792
2 Samuel,18,7,2 Samuel 18:7,False,1880000,1880000,True,10,10,True,10,10,6.274158,-0.860276,0.246375,0.290473
2 Samuel,18,8,2 Samuel 18:8,False,2020000,2020000,True,10,10,True,10,10,6.305352,-0.792988,0.256492,0.301029
2 Samuel,18,9,2 Samuel 18:9,False,2330000,2330000,True,10,10,True,10,10,6.367356,-0.659236,0.276603,0.322013
2 Samuel,18,10,2 Samuel 18:10,False,5340000,5340000,True,9,9,True,9,9,6.727541,0.11773,0.393427,0.443905
2 Samuel,18,11,2 Samuel 18:11,False,3890000,3890000,True,9,9,True,9,9,6.58995,-0.179073,0.3488,0.397342
2 Samuel,18,12,2 Samuel 18:12,False,4330000,4330000,True,10,10,True,10,10,6.636488,-0.078684,0.363894,0.413091
2 Samuel,18,13,2 Samuel 18:13,False,1240000,1240000,True,10,10,True,10,10,6.093422,-1.250147,0.187754,0.229309
2 Samuel,18,14,2 Samuel 18:14,False,1590000,1590000,True,9,9,True,9,9,6.201397,-1.01723,0.222775,0.26585
2 Samuel,18,15,2 Samuel 18:15,False,3000000,3000000,True,9,9,True,9,9,6.477121,-0.422458,0.312205,0.359159
2 Samuel,18,16,2 Samuel 18:16,False,1770000,1770000,True,9,9,True,9,9,6.247974,-0.91676,0.237882,0.281612
2 Samuel,18,17,2 Samuel 18:17,False,1610000,1610000,True,10,10,True,10,10,6.206826,-1.00552,0.224536,0.267687
2 Samuel,18,18,2 Samuel 18:18,False,3500000,3500000,True,9,9,True,9,9,6.544068,-0.278046,0.333918,0.381815
2 Samuel,18,19,2 Samuel 18:19,False,19200000,19200000,True,9,9,True,9,9,7.283301,1.316575,0.573684,0.631982
2 Samuel,18,20,2 Samuel 18:20,False,8650000,8650000,False,0,0,False,0,0,0.0,0.0,0.0,0.0
2 Samuel,18,21,2 Samuel 18:21,False,5620000,5620000,True,9,9,True,9,9,6.749736,0.165607,0.400626,0.451416
2 Samuel,18,22,2 Samuel 18:22,False,4620000,4620000,True,9,9,True,9,9,6.664642,-0.017952,0.373026,0.422619
2 Samuel,18,23,2 Samuel 18:23,False,3180000,3180000,True,9,9,True,9,9,6.502427,-0.36787,0.320412,0.367723
2 Samuel,18,24,2 Samuel 18:24,False,4370000,4370000,False,0,0,False,0,0,0.0,0.0,0.0,0.0
2 Samuel,18,25,2 Samuel 18:25,False,4310000,4310000,True,9,9,True,9,9,6.634477,-0.083021,0.363242,0.41241
2 Samuel,18,26,2 Samuel 18:26,False,1840000,1840000,True,9,9,True,9,9,6.264818,-0.880424,0.243345,0.287312
2 Samuel,18,27,2 Samuel 18:27,False,1350000,1350000,True,9,9,True,9,9,6.130334,-1.170523,0.199726,0.241801
2 Samuel,18,28,2 Samuel 18:28,False,1180000,1180000,True,10,10,True,10,10,6.071882,-1.296611,0.180768,0.22202
2 Samuel,18,29,2 Samuel 18:29,False,1120000,1120000,True,10,10,True,10,10,6.049218,-1.3455,0.173417,0.21435
2 Samuel,18,30,2 Samuel 18:30,False,5150000,5150000,True,10,10,True,10,10,6.711807,0.083789,0.388324,0.43858
2 Samuel,18,31,2 Samuel 18:31,False,901000,901000,True,9,9,True,9,9,5.954725,-1.549334,0.142769,0.182372
2 Samuel,18,32,2 Samuel 18:32,False,823000,823000,True,9,9,True,9,9,5.9154,-1.634162,0.130014,0.169064
2 Samuel,18,33,2 Samuel 18:33,False,689000,689000,True,9,9,True,9,9,5.83822,-1.800651,0.104981,0.142945
2 Samuel,19,1,2 Samuel 19:1,False,12500000,12500000,True,9,9,True,9,9,7.09691,0.914505,0.513229,0.568905
2 Samuel,19,2,2 Samuel 19:2,False,4390000,4390000,True,8,8,True,8,8,6.642465,-0.065792,0.365833,0.415113
2 Samuel,19,3,2 Samuel 19:3,False,3530000,3530000,True,9,9,True,9,9,6.547775,-0.27005,0.335121,0.383069
2 Samuel,19,4,2 Samuel 19:4,False,3400000,3400000,True,8,8,True,8,8,6.531479,-0.305202,0.329835,0.377554
2 Samuel,19,5,2 Samuel 19:5,False,2870000,2870000,True,9,9,True,9,9,6.457882,-0.46396,0.305964,0.352648
2 Samuel,19,6,2 Samuel 19:6,False,3680000,3680000,True,9,9,True,9,9,6.565848,-0.231064,0.340982,0.389185
2 Samuel,19,7,2 Samuel 19:7,False,2740000,2740000,True,9,9,True,9,9,6.437751,-0.507386,0.299435,0.345835
2 Samuel,19,8,2 Samuel 19:8,False,1830000,1830000,True,10,10,True,10,10,6.262451,-0.885529,0.242578,0.286511
2 Samuel,19,9,2 Samuel 19:9,False,2020000,2020000,True,8,8,True,8,8,6.305352,-0.792988,0.256492,0.301029
2 Samuel,19,10,2 Samuel 19:10,False,4840000,4840000,True,9,9,True,9,9,6.684845,0.025629,0.379579,0.429456
2 Samuel,19,11,2 Samuel 19:11,False,4730000,4730000,True,9,9,True,9,9,6.674861,0.004092,0.37634,0.426077
2 Samuel,19,12,2 Samuel 19:12,False,4210000,4210000,True,9,9,True,9,9,6.624282,-0.105014,0.359935,0.40896
2 Samuel,19,13,2 Samuel 19:13,False,2040000,2040000,True,10,10,True,10,10,6.30963,-0.783758,0.25788,0.302477
2 Samuel,19,14,2 Samuel 19:14,False,1680000,1680000,True,9,9,True,9,9,6.22531,-0.965649,0.230531,0.273942
2 Samuel,19,15,2 Samuel 19:15,False,2290000,2290000,True,9,9,True,9,9,6.359836,-0.675459,0.274164,0.319468
2 Samuel,19,16,2 Samuel 19:16,False,2100000,2100000,True,10,10,True,10,10,6.32222,-0.756602,0.261963,0.306738
2 Samuel,19,17,2 Samuel 19:17,False,1780000,1780000,True,9,9,True,9,9,6.25042,-0.911482,0.238675,0.28244
2 Samuel,19,18,2 Samuel 19:18,False,1910000,1910000,True,10,10,True,10,10,6.281034,-0.845445,0.248605,0.2928
2 Samuel,19,19,2 Samuel 19:19,False,2540000,2540000,True,9,9,True,9,9,6.404834,-0.578392,0.288759,0.334696
2 Samuel,19,20,2 Samuel 19:20,False,19300000,19300000,True,10,10,True,10,10,7.285557,1.321441,0.574416,0.632746
2 Samuel,19,21,2 Samuel 19:21,False,10300000,10300000,True,8,8,True,8,8,7.012837,0.733149,0.485961,0.540453
2 Samuel,19,22,2 Samuel 19:22,False,4290000,4290000,True,9,9,True,9,9,6.632457,-0.087379,0.362587,0.411727
2 Samuel,19,23,2 Samuel 19:23,False,5430000,5430000,True,9,9,True,9,9,6.7348,0.133387,0.395781,0.446361
2 Samuel,19,24,2 Samuel 19:24,False,2760000,2760000,True,9,9,True,9,9,6.440909,-0.500573,0.300459,0.346904
2 Samuel,19,25,2 Samuel 19:25,False,3350000,3350000,True,9,9,True,9,9,6.525045,-0.319081,0.327748,0.375377
2 Samuel,19,26,2 Samuel 19:26,False,4120000,4120000,True,10,10,True,10,10,6.614897,-0.125258,0.356891,0.405784
2 Samuel,19,27,2 Samuel 19:27,False,1400000,1400000,True,10,10,True,10,10,6.146128,-1.136453,0.204849,0.247146
2 Samuel,19,28,2 Samuel 19:28,False,1580000,1580000,True,9,9,True,9,9,6.198657,-1.023141,0.221886,0.264922
2 Samuel,19,29,2 Samuel 19:29,False,1030000,1030000,True,10,10,True,10,10,6.012838,-1.423978,0.161617,0.202038
2 Samuel,19,30,2 Samuel 19:30,False,7180000,7180000,True,10,10,True,10,10,6.856125,0.3951,0.435132,0.487419
2 Samuel,19,31,2 Samuel 19:31,False,2370000,2370000,True,10,10,True,10,10,6.374749,-0.64329,0.279001,0.324514
2 Samuel,19,32,2 Samuel 19:32,False,724000,724000,True,9,9,True,9,9,5.859739,-1.754231,0.11196,0.150227
2 Samuel,19,33,2 Samuel 19:33,False,684000,684000,True,9,9,True,9,9,5.835057,-1.807474,0.103955,0.141875
2 Samuel,19,34,2 Samuel 19:34,False,769000,769000,True,9,9,True,9,9,5.885927,-1.69774,0.120454,0.15909
2 Samuel,19,35,2 Samuel 19:35,False,1780000,1780000,True,9,9,True,9,9,6.25042,-0.911482,0.238675,0.28244
2 Samuel,19,36,2 Samuel 19:36,False,579000,579000,True,9,9,True,9,9,5.762679,-1.963601,0.08048,0.117381
2 Samuel,19,37,2 Samuel 19:37,False,580000,580000,True,10,10,True,10,10,5.763429,-1.961985,0.080723,0.117635
2 Samuel,19,38,2 Samuel 19:38,False,585000,585000,True,9,9,True,9,9,5.767157,-1.953943,0.081932,0.118896
2 Samuel,19,39,2 Samuel 19:39,False,531000,531000,True,9,9,True,9,9,5.725095,-2.044675,0.068289,0.104662
2 Samuel,19,40,2 Samuel 19:40,False,771000,771000,True,8,8,True,8,8,5.887055,-1.695307,0.12082,0.159472
2 Samuel,19,41,2 Samuel 19:41,False,523000,523000,True,9,9,True,9,9,5.718503,-2.058896,0.066151,0.102431
2 Samuel,19,42,2 Samuel 19:42,False,444000,444000,True,10,10,True,10,10,5.647384,-2.212308,0.043084,0.078363
2 Samuel,19,43,2 Samuel 19:43,False,1050000,1050000,True,9,9,True,9,9,6.02119,-1.405961,0.164326,0.204865
2 Samuel,20,1,2 Samuel 20:1,False,14400000,14400000,True,9,9,True,9,9,7.158363,1.047066,0.533161,0.589701
2 Samuel,20,2,2 Samuel 20:2,False,8110000,8110000,True,9,9,True,9,9,6.909021,0.509204,0.452289,0.50532
2 Samuel,20,3,2 Samuel 20:3,False,4150000,4150000,True,9,9,True,9,9,6.618048,-0.118461,0.357913,0.406851
2 Samuel,20,4,2 Samuel 20:4,False,6410000,6410000,True,10,10,True,10,10,6.806858,0.288826,0.419153,0.470747
2 Samuel,20,5,2 Samuel 20:5,False,3640000,3640000,True,9,9,True,9,9,6.561102,-0.241302,0.339443,0.387579
2 Samuel,20,6,2 Samuel 20:6,False,2620000,2620000,True,9,9,True,9,9,6.418301,-0.54934,0.293127,0.339253
2 Samuel,20,7,2 Samuel 20:7,False,2980000,2980000,True,9,9,True,9,9,6.474216,-0.428725,0.311262,0.358176
2 Samuel,20,8,2 Samuel 20:8,False,3250000,3250000,True,10,10,True,10,10,6.511883,-0.347472,0.323479,0.370923
2 Samuel,20,9,2 Samuel 20:9,False,1560000,1560000,True,10,10,True,10,10,6.193125,-1.035075,0.220092,0.26305
2 Samuel,20,10,2 Samuel 20:10,False,5600000,5600000,True,9,9,True,9,9,6.748188,0.162267,0.400123,0.450892
2 Samuel,20,11,2 Samuel 20:11,False,4530000,4530000,True,9,9,True,9,9,6.656098,-0.036382,0.370255,0.419727
2 Samuel,20,12,2 Samuel 20:12,False,4660000,4660000,True,10,10,True,10,10,6.668386,-0.009876,0.37424,0.423886
2 Samuel,20,13,2 Samuel 20:13,False,1940000,1940000,True,9,9,True,9,9,6.287802,-0.830845,0.2508,0.29509
2 Samuel,20,14,2 Samuel 20:14,False,1380000,1380000,True,9,9,True,9,9,6.139879,-1.149932,0.202822,0.245031
2 Samuel,20,15,2 Samuel 20:15,False,3240000,3240000,True,10,10,True,10,10,6.510545,-0.350359,0.323045,0.37047
2 Samuel,20,16,2 Samuel 20:16,False,1430000,1430000,True,9,9,True,9,9,6.155336,-1.11659,0.207836,0.250262
2 Samuel,20,17,2 Samuel 20:17,False,1750000,1750000,True,9,9,True,9,9,6.243038,-0.927406,0.236281,0.279942
2 Samuel,20,18,2 Samuel 20:18,False,1460000,1460000,True,9,9,True,9,9,6.164353,-1.097139,0.21076,0.253313
2 Samuel,20,19,2 Samuel 20:19,False,2360000,2360000,True,9,9,True,9,9,6.372912,-0.647251,0.278405,0.323893
2 Samuel,20,20,2 Samuel 20:20,False,5650000,5650000,True,9,9,True,9,9,6.752049,0.170595,0.401376,0.452198
2 Samuel,20,21,2 Samuel 20:21,False,18000000,18000000,True,9,9,True,9,9,7.255273,1.256113,0.564593,0.622497
2 Samuel,20,22,2 Samuel 20:22,False,6370000,6370000,True,9,9,True,9,9,6.80414,0.282962,0.418271,0.469827
2 Samuel,20,23,2 Samuel 20:23,False,6690000,6690000,True,9,9,True,9,9,6.825426,0.32888,0.425175,0.47703
2 Samuel,20,24,2 Samuel 20:24,False,4610000,4610000,True,9,9,True,9,9,6.663701,-0.019982,0.372721,0.4223
2 Samuel,20,25,2 Samuel 20:25,False,15500000,15500000,True,9,9,True,9,9,7.190332,1.116028,0.54353,0.60052
2 Samuel,20,26,2 Samuel 20:26,False,3440000,3440000,True,9,9,True,9,9,6.536559,-0.294245,0.331483,0.379273
2 Samuel,21,1,2 Samuel 21:1,False,6400000,6400000,True,9,9,True,9,9,6.80618,0.287363,0.418933,0.470517
2 Samuel,21,2,2 Samuel 21:2,False,7420000,7420000,True,8,8,True,8,8,6.870404,0.425903,0.439763,0.492252
2 Samuel,21,3,2 Samuel 21:3,False,5950000,5950000,True,9,9,True,9,9,6.774517,0.219062,0.408663,0.459802
2 Samuel,21,4,2 Samuel 21:4,False,5500000,5500000,True,10,10,True,10,10,6.740363,0.145387,0.397585,0.448244
2 Samuel,21,5,2 Samuel 21:5,False,2940000,2940000,True,9,9,True,9,9,6.468347,-0.441385,0.309359,0.35619
2 Samuel,21,6,2 Samuel 21:6,False,2150000,2150000,True,10,10,True,10,10,6.332439,-0.734557,0.265278,0.310196
2 Samuel,21,7,2 Samuel 21:7,False,1680000,1680000,True,10,10,True,10,10,6.22531,-0.965649,0.230531,0.273942
2 Samuel,21,8,2 Samuel 21:8,False,3380000,3380000,True,10,10,True,10,10,6.528917,-0.310729,0.329004,0.376687
2 Samuel,21,9,2 Samuel 21:9,False,1570000,1570000,True,10,10,True,10,10,6.1959,-1.029089,0.220992,0.263989
2 Samuel,21,10,2 Samuel 21:10,False,4780000,4780000,True,9,9,True,9,9,6.679428,0.013943,0.377822,0.427622
2 Samuel,21,11,2 Samuel 21:11,False,3600000,3600000,True,9,9,True,9,9,6.556303,-0.251654,0.337887,0.385955
2 Samuel,21,12,2 Samuel 21:12,False,3750000,3750000,True,9,9,True,9,9,6.574031,-0.213411,0.343637,0.391955
2 Samuel,21,13,2 Samuel 21:13,False,1700000,1700000,True,10,10,True,10,10,6.230449,-0.954562,0.232198,0.275681
2 Samuel,21,14,2 Samuel 21:14,False,1790000,1790000,True,10,10,True,10,10,6.252853,-0.906233,0.239465,0.283263
2 Samuel,21,15,2 Samuel 21:15,False,2270000,2270000,False,0,0,False,0,0,0.0,0.0,0.0,0.0
2 Samuel,21,16,2 Samuel 21:16,False,1640000,1640000,True,10,10,True,10,10,6.214844,-0.988224,0.227137,0.2704
2 Samuel,21,17,2 Samuel 21:17,False,1200000,1200000,False,0,0,False,0,0,0.0,0.0,0.0,0.0
2 Samuel,21,18,2 Samuel 21:18,False,1180000,1180000,True,9,9,True,9,9,6.071882,-1.296611,0.180768,0.22202
2 Samuel,21,19,2 Samuel 21:19,False,1160000,1160000,True,9,9,True,9,9,6.064458,-1.312625,0.17836,0.219508
2 Samuel,21,20,2 Samuel 21:20,False,1710000,1710000,True,10,10,True,10,10,6.232996,-0.949067,0.233024,0.276543
2 Samuel,21,21,2 Samuel 21:21,False,2400000,2400000,True,9,9,True,9,9,6.380211,-0.631506,0.280772,0.326363
2 Samuel,21,22,2 Samuel 21:22,False,16900000,16900000,True,9,9,True,9,9,7.227887,1.197039,0.555711,0.613229
2 Samuel,22,1,2 Samuel 22:1,False,5830000,5830000,True,10,10,True,10,10,6.765669,0.199975,0.405793,0.456808
2 Samuel,22,2,2 Samuel 22:2,False,4300000,4300000,True,8,8,True,8,8,6.633469,-0.085197,0.362915,0.412069
2 Samuel,22,3,2 Samuel 22:3,False,3510000,3510000,True,9,9,True,9,9,6.545307,-0.275373,0.33432,0.382234
2 Samuel,22,4,2 Samuel 22:4,False,2710000,2710000,True,10,10,True,10,10,6.432969,-0.5177,0.297884,0.344217
2 Samuel,22,5,2 Samuel 22:5,False,2530000,2530000,True,10,10,True,10,10,6.403121,-0.582087,0.288203,0.334116
2 Samuel,22,6,2 Samuel 22:6,False,2410000,2410000,True,10,10,True,10,10,6.382017,-0.62761,0.281358,0.326974
2 Samuel,22,7,2 Samuel 22:7,False,1520000,1520000,True,9,9,True,9,9,6.181844,-1.05941,0.216433,0.259233
2 Samuel,22,8,2 Samuel 22:8,False,2770000,2770000,True,10,10,True,10,10,6.44248,-0.497184,0.300969,0.347436
2 Samuel,22,9,2 Samuel 22:9,False,1260000,1260000,True,10,10,True,10,10,6.100371,-1.235157,0.190008,0.231661
2 Samuel,22,10,2 Samuel 22:10,False,3790000,3790000,True,10,10,True,10,10,6.578639,-0.203471,0.345131,0.393514
2 Samuel,22,11,2 Samuel 22:11,False,3640000,3640000,True,10,10,True,10,10,6.561102,-0.241302,0.339443,0.387579
2 Samuel,22,12,2 Samuel 22:12,False,3710000,3710000,True,10,10,True,10,10,6.569374,-0.223458,0.342126,0.390379
2 Samuel,22,13,2 Samuel 22:13,False,1550000,1550000,True,9,9,True,9,9,6.190332,-1.0411,0.219186,0.262105
2 Samuel,22,14,2 Samuel 22:14,False,1390000,1390000,True,10,10,True,10,10,6.143015,-1.143168,0.203839,0.246092
2 Samuel,22,15,2 Samuel 22:15,False,1470000,1470000,True,10,10,True,10,10,6.167318,-1.090745,0.211722,0.254317
2 Samuel,22,16,2 Samuel 22:16,False,1370000,1370000,True,10,10,True,10,10,6.136721,-1.156746,0.201798,0.243962
2 Samuel,22,17,2 Samuel 22:17,False,2080000,2080000,True,10,10,True,10,10,6.318064,-0.765566,0.260615,0.305331
2 Samuel,22,18,2 Samuel 22:18,False,1430000,1430000,True,10,10,True,10,10,6.155336,-1.11659,0.207836,0.250262
2 Samuel,22,19,2 Samuel 22:19,False,1350000,1350000,True,10,10,True,10,10,6.130334,-1.170523,0.199726,0.241801
2 Samuel,22,20,2 Samuel 22:20,False,1610000,1610000,True,10,10,True,10,10,6.206826,-1.00552,0.224536,0.267687
2 Samuel,22,21,2 Samuel 22:21,False,1330000,1330000,True,10,10,True,10,10,6.123852,-1.184506,0.197624,0.239607
2 Samuel,22,22,2 Samuel 22:22,False,3030000,3030000,True,9,9,True,9,9,6.481443,-0.413137,0.313606,0.360621
2 Samuel,22,23,2 Samuel 22:23,False,17500000,17500000,True,10,10,True,10,10,7.243038,1.229722,0.560625,0.618357
2 Samuel,22,24,2 Samuel 22:24,False,5840000,5840000,True,9,9,True,9,9,6.766413,0.201581,0.406035,0.457059
2 Samuel,22,25,2 Samuel 22:25,False,4760000,4760000,True,10,10,True,10,10,6.677607,0.010015,0.377231,0.427006
2 Samuel,22,26,2 Samuel 22:26,False,3350000,3350000,True,9,9,True,9,9,6.525045,-0.319081,0.327748,0.375377
2 Samuel,22,27,2 Samuel 22:27,False,3180000,3180000,True,10,10,True,10,10,6.502427,-0.36787,0.320412,0.367723
2 Samuel,22,28,2 Samuel 22:28,False,3290000,3290000,True,10,10,True,10,10,6.517196,-0.336012,0.325203,0.372721
2 Samuel,22,29,2 Samuel 22:29,False,2950000,2950000,True,8,8,True,8,8,6.469822,-0.438204,0.309837,0.356689
2 Samuel,22,30,2 Samuel 22:30,False,3220000,3220000,True,10,10,True,10,10,6.507856,-0.35616,0.322173,0.36956
2 Samuel,22,31,2 Samuel 22:31,False,1370000,1370000,True,9,9,True,9,9,6.136721,-1.156746,0.201798,0.243962
2 Samuel,22,32,2 Samuel 22:32,False,1890000,1890000,True,10,10,True,10,10,6.276462,-0.855306,0.247122,0.291253
2 Samuel,22,33,2 Samuel 22:33,False,2190000,2190000,True,9,9,True,9,9,6.340444,-0.717288,0.267874,0.312905
2 Samuel,22,34,2 Samuel 22:34,False,1540000,1540000,True,10,10,True,10,10,6.187521,-1.047163,0.218274,0.261154
2 Samuel,22,35,2 Samuel 22:35,False,699000,699000,True,10,10,True,10,10,5.844478,-1.787152,0.10701,0.145063
2 Samuel,22,36,2 Samuel 22:36,False,1400000,1400000,True,10,10,True,10,10,6.146128,-1.136453,0.204849,0.247146
2 Samuel,22,37,2 Samuel 22:37,False,1600000,1600000,True,10,10,True,10,10,6.20412,-1.011357,0.223658,0.266771
2 Samuel,22,38,2 Samuel 22:38,False,396000,396000,True,10,10,True,10,10,5.597696,-2.319491,0.026968,0.061548
2 Samuel,22,39,2 Samuel 22:39,False,671000,671000,True,10,10,True,10,10,5.826723,-1.825451,0.101252,0.139054
2 Samuel,22,40,2 Samuel 22:40,False,1410000,1410000,True,10,10,True,10,10,6.149219,-1.129785,0.205852,0.248192
2 Samuel,22,41,2 Samuel 22:41,False,1200000,1200000,True,10,10,True,10,10,6.079182,-1.280865,0.183135,0.22449
2 Samuel,22,42,2 Samuel 22:42,False,747000,747000,True,9,9,True,9,9,5.873321,-1.724933,0.116366,0.154824
2 Samuel,22,43,2 Samuel 22:43,False,408000,408000,True,10,10,True,10,10,5.610661,-2.291524,0.031173,0.065936
2 Samuel,22,44,2 Samuel 22:44,False,452000,452000,True,10,10,True,10,10,5.655139,-2.195579,0.0456,0.080988
2 Samuel,22,45,2 Samuel 22:45,False,557000,557000,True,10,10,True,10,10,5.745856,-1.999891,0.075023,0.111688
2 Samuel,22,46,2 Samuel 22:46,False,1090000,1090000,True,10,10,True,10,10,6.037427,-1.370936,0.169592,0.21036
2 Samuel,22,47,2 Samuel 22:47,False,389000,389000,True,9,9,True,9,9,5.589951,-2.336199,0.024456,0.058927
2 Samuel,22,48,2 Samuel 22:48,False,327000,327000,True,10,10,True,10,10,5.514549,-2.49885,0.0,0.03341
2 Samuel,22,49,2 Samuel 22:49,False,388000,388000,True,10,10,True,10,10,5.588833,-2.33861,0.024093,0.058549
2 Samuel,22,50,2 Samuel 22:50,False,663000,663000,True,10,10,True,10,10,5.821514,-1.836687,0.099562,0.137292
2 Samuel,22,51,2 Samuel 22:51,False,955000,955000,True,10,10,True,10,10,5.980004,-1.494805,0.150967,0.190927
2 Samuel,23,1,2 Samuel 23:1,False,5750000,5750000,True,8,8,True,8,8,6.759668,0.187031,0.403847,0.454777
2 Samuel,23,2,2 Samuel 23:2,False,3730000,3730000,True,9,9,True,9,9,6.571709,-0.218421,0.342883,0.391169
2 Samuel,23,3,2 Samuel 23:3,False,5660000,5660000,True,10,10,True,10,10,6.752817,0.172251,0.401625,0.452458
2 Samuel,23,4,2 Samuel 23:4,False,5550000,5550000,True,10,10,True,10,10,6.744293,0.153865,0.39886,0.449574
2 Samuel,23,5,2 Samuel 23:5,False,2720000,2720000,True,9,9,True,9,9,6.434569,-0.514249,0.298403,0.344759
2 Samuel,23,6,2 Samuel 23:6,False,2040000,2040000,True,10,10,True,10,10,6.30963,-0.783758,0.25788,0.302477
2 Samuel,23,7,2 Samuel 23:7,False,1360000,1360000,True,9,9,True,9,9,6.133539,-1.163609,0.200766,0.242886
2 Samuel,23,8,2 Samuel 23:8,False,1320000,1320000,True,9,9,True,9,9,6.120574,-1.191576,0.196561,0.238498
2 Samuel,23,9,2 Samuel 23:9,False,2310000,2310000,True,9,9,True,9,9,6.363612,-0.667312,0.275389,0.320746
2 Samuel,23,10,2 Samuel 23:10,False,3820000,3820000,True,10,10,True,10,10,6.582063,-0.196085,0.346242,0.394673
2 Samuel,23,11,2 Samuel 23:11,False,3280000,3280000,True,10,10,True,10,10,6.515874,-0.338864,0.324774,0.372273
2 Samuel,23,12,2 Samuel 23:12,False,3190000,3190000,True,10,10,True,10,10,6.503791,-0.364929,0.320855,0.368184
2 Samuel,23,13,2 Samuel 23:13,False,942000,942000,True,9,9,True,9,9,5.974051,-1.507645,0.149037,0.188912
2 Samuel,23,14,2 Samuel 23:14,False,1480000,1480000,True,10,10,True,10,10,6.170262,-1.084393,0.212677,0.255313
2 Samuel,23,15,2 Samuel 23:15,False,1080000,1080000,True,10,10,True,10,10,6.033424,-1.37957,0.168294,0.209005
2 Samuel,23,16,2 Samuel 23:16,False,791000,791000,True,10,10,True,10,10,5.898177,-1.671315,0.124427,0.163235
2 Samuel,23,17,2 Samuel 23:17,False,802000,802000,True,10,10,True,10,10,5.904175,-1.658377,0.126373,0.165265
2 Samuel,23,18,2 Samuel 23:18,False,796000,796000,True,10,10,True,10,10,5.900914,-1.665412,0.125315,0.164162
2 Samuel,23,19,2 Samuel 23:19,False,1200000,1200000,True,9,9,True,9,9,6.079182,-1.280865,0.183135,0.22449
2 Samuel,23,20,2 Samuel 23:20,False,1830000,1830000,True,10,10,True,10,10,6.262451,-0.885529,0.242578,0.286511
2 Samuel,23,21,2 Samuel 23:21,False,1010000,1010000,True,10,10,True,10,10,6.004322,-1.442348,0.158855,0.199156
2 Samuel,23,22,2 Samuel 23:22,False,988000,988000,True,9,9,True,9,9,5.994757,-1.462979,0.155753,0.19592
2 Samuel,23,23,2 Samuel 23:23,False,2240000,2240000,True,9,9,True,9,9,6.350248,-0.69614,0.271054,0.316223
2 Samuel,23,24,2 Samuel 23:24,False,16800000,16800000,True,8,8,True,8,8,7.225309,1.191479,0.554875,0.612357
2 Samuel,23,25,2 Samuel 23:25,False,5570000,5570000,True,10,10,True,10,10,6.745855,0.157235,0.399367,0.450102
2 Samuel,23,26,2 Samuel 23:26,False,3930000,3930000,True,9,9,True,9,9,6.594393,-0.169489,0.350241,0.398845
2 Samuel,23,27,2 Samuel 23:27,False,2550000,2550000,True,9,9,True,9,9,6.40654,-0.574711,0.289312,0.335273
2 Samuel,23,28,2 Samuel 23:28,False,1570000,1570000,True,10,10,True,10,10,6.1959,-1.029089,0.220992,0.263989
2 Samuel,23,29,2 Samuel 23:29,False,1700000,1700000,True,10,10,True,10,10,6.230449,-0.954562,0.232198,0.275681
2 Samuel,23,30,2 Samuel 23:30,False,3630000,3630000,True,10,10,True,10,10,6.559907,-0.24388,0.339056,0.387175
2 Samuel,23,31,2 Samuel 23:31,False,888000,888000,True,9,9,True,9,9,5.948413,-1.562949,0.140721,0.180236
2 Samuel,23,32,2 Samuel 23:32,False,762000,762000,True,9,9,True,9,9,5.881956,-1.706307,0.119166,0.157746
2 Samuel,23,33,2 Samuel 23:33,False,819000,819000,True,10,10,True,10,10,5.913284,-1.638727,0.129327,0.168348
2 Samuel,23,34,2 Samuel 23:34,False,961000,961000,True,10,10,True,10,10,5.982724,-1.488937,0.15185,0.191847
2 Samuel,23,35,2 Samuel 23:35,False,739000,739000,True,9,9,True,9,9,5.868645,-1.73502,0.114849,0.153241
2 Samuel,23,36,2 Samuel 23:36,False,479000,479000,True,10,10,True,10,10,5.680336,-2.141225,0.053772,0.089515
2 Samuel,23,37,2 Samuel 23:37,False,617000,617000,True,9,9,True,9,9,5.790286,-1.90405,0.089434,0.126723
2 Samuel,23,38,2 Samuel 23:38,False,463000,463000,True,9,9,True,9,9,5.665582,-2.173053,0.048987,0.084522
2 Samuel,23,39,2 Samuel 23:39,False,504000,504000,True,10,10,True,10,10,5.702431,-2.093564,0.060939,0.096992
2 Samuel,24,1,2 Samuel 24:1,False,5550000,5550000,True,10,10,True,10,10,6.744293,0.153865,0.39886,0.449574
2 Samuel,24,2,2 Samuel 24:2,False,5950000,5950000,True,9,9,True,9,9,6.774517,0.219062,0.408663,0.459802
2 Samuel,24,3,2 Samuel 24:3,False,3140000,3140000,True,9,9,True,9,9,6.49693,-0.379729,0.318629,0.365862
2 Samuel,24,4,2 Samuel 24:4,False,2580000,2580000,True,10,10,True,10,10,6.41162,-0.563753,0.29096,0.336992
2 Samuel,24,5,2 Samuel 24:5,False,2440000,2440000,True,9,9,True,9,9,6.38739,-0.61602,0.283101,0.328792
2 Samuel,24,6,2 Samuel 24:6,False,1940000,1940000,True,9,9,True,9,9,6.287802,-0.830845,0.2508,0.29509
2 Samuel,24,7,2 Samuel 24:7,False,13900000,13900000,True,9,9,True,9,9,7.143015,1.013959,0.528183,0.584507
2 Samuel,24,8,2 Samuel 24:8,False,1260000,1260000,True,9,9,True,9,9,6.100371,-1.235157,0.190008,0.231661
2 Samuel,24,9,2 Samuel 24:9,False,1000000,1000000,True,9,9,True,9,9,6.0,-1.451669,0.157453,0.197694
2 Samuel,24,10,2 Samuel 24:10,False,4160000,4160000,True,9,9,True,9,9,6.619093,-0.116206,0.358252,0.407204
2 Samuel,24,11,2 Samuel 24:11,False,2800000,2800000,True,10,10,True,10,10,6.447158,-0.487093,0.302486,0.349019
2 Samuel,24,12,2 Samuel 24:12,False,2710000,2710000,True,10,10,True,10,10,6.432969,-0.5177,0.297884,0.344217
2 Samuel,24,13,2 Samuel 24:13,False,1160000,1160000,True,10,10,True,10,10,6.064458,-1.312625,0.17836,0.219508
2 Samuel,24,14,2 Samuel 24:14,False,1100000,1100000,True,9,9,True,9,9,6.041393,-1.36238,0.170879,0.211702
2 Samuel,24,15,2 Samuel 24:15,False,1660000,1660000,True,10,10,True,10,10,6.220108,-0.976868,0.228844,0.272182
2 Samuel,24,16,2 Samuel 24:16,False,1050000,1050000,True,10,10,True,10,10,6.02119,-1.405961,0.164326,0.204865
2 Samuel,24,17,2 Samuel 24:17,False,1370000,1370000,True,10,10,True,10,10,6.136721,-1.156746,0.201798,0.243962
2 Samuel,24,18,2 Samuel 24:18,False,698000,698000,True,9,9,True,9,9,5.843856,-1.788493,0.106809,0.144852
2 Samuel,24,19,2 Samuel 24:19,False,715000,715000,True,10,10,True,10,10,5.854307,-1.765949,0.110198,0.148389
2 Samuel,24,20,2 Samuel 24:20,False,743000,743000,True,9,9,True,9,9,5.870989,-1.729963,0.115609,0.154035
2 Samuel,24,21,2 Samuel 24:21,False,772000,772000,True,10,10,True,10,10,5.887618,-1.694093,0.121003,0.159662
2 Samuel,24,22,2 Samuel 24:22,False,775000,775000,True,10,10,True,10,10,5.889302,-1.690459,0.121549,0.160232
2 Samuel,24,23,2 Samuel 24:23,False,1300000,1300000,True,10,10,True,10,10,6.113944,-1.205879,0.19441,0.236254
2 Samuel,24,24,2 Samuel 24:24,False,2450000,2450000,True,10,10,True,10,10,6.389166,-0.612189,0.283677,0.329394
2 Samuel,24,25,2 Samuel 24:25,False,16900000,16900000,True,9,9,True,9,9,7.227887,1.197039,0.555711,0.613229
